0.320318 3.07463e-37 -3.20318 0
0.231749 50 497.682 0.02
-0.284639 50.2 504.846 0.04
0.815436 50.3999 495.845 0.059
1.59768 50.5897 489.92 0.079
3.1529 50.7892 476.363 0.1
4.49641 50.9983 465.019 0.12
6.28338 51.1971 449.137 0.14
7.84196 51.3954 435.535 0.159
9.52612 51.5833 420.572 0.179
12.1476 51.7805 396.329 0.2
14.1305 51.9867 378.562 0.22
16.2839 52.1823 358.984 0.239
19.01 52.3673 333.573 0.259
21.4046 52.5611 311.565 0.279
24.1598 52.7539 285.941 0.3
26.4921 52.9552 264.631 0.32
28.7052 53.1457 244.405 0.339
31.217 53.3254 221.084 0.359
33.5986 53.5134 199.148 0.379
36.0371 53.6999 176.628 0.4
38.168 53.8942 157.262 0.42
42.3032 54.0776 117.744 0.464
43.7115 54.4753 107.637 0.479
46.1929 54.6089 84.1607 0.5
47.3584 54.7943 74.3583 0.519
49.2127 54.9601 57.4743 0.539
50.5142 55.1328 46.1854 0.559
52.0038 55.3034 32.9956 0.579
53.3788 55.4719 20.9302 0.6
54.5363 55.6464 11.1015 0.62
55.5795 55.8104 2.30865 0.639
56.3924 55.9639 -4.28432 0.659
57.0135 56.1233 -8.90244 0.679
57.987 56.2802 -17.0686 0.699
58.1997 56.4345 -17.652 0.719
58.7921 56.5863 -22.0578 0.739
59.4544 56.7355 -27.189 0.759
59.7183 56.882 -28.3633 0.779
59.7002 57.0257 -26.7452 0.799
60.0223 57.1666 -28.5571 0.82
60.1822 57.3115 -28.7071 0.839
60.5735 57.4398 -31.3373 0.859
60.3435 57.5719 -27.7156 0.879
60.58 57.701 -28.7897 0.899
60.4425 57.827 -26.1548 0.919
60.0607 57.95 -21.1071 0.939
60.3498 58.0697 -22.8009 0.959
59.834 58.1862 -16.4781 0.98
59.7971 58.305 -14.9209 0.999
59.521 58.4093 -11.117 1.019
58.5544 58.5158 -0.385284 1.039
59.1099 58.619 -4.90944 1.06
58.8146 58.7236 -0.910568 1.079
58.6511 58.8149 1.63776 1.099
58.3644 58.9075 5.43156 1.119
57.9644 58.9966 10.322 1.139
57.7493 59.0822 13.3288 1.159
57.5454 59.164 16.1865 1.179
57.4187 59.2422 18.2352 1.2
57.3613 59.3204 19.5904 1.219
57.167 59.3876 22.2054 1.239
56.721 59.4546 27.336 1.259
56.4375 59.5178 30.8031 1.279
56.128 59.5773 34.4926 1.299
56.2834 59.6329 33.4948 1.319
56.1754 59.6847 35.0925 1.34
56.1259 59.7348 36.0893 1.359
55.9416 59.7765 38.3494 1.379
55.8489 59.8166 39.6774 1.399
55.7015 59.8528 41.5129 1.419
55.7345 59.885 41.5056 1.44
55.3969 59.9146 45.1766 1.459
55.2452 59.9376 46.924 1.479
55.2189 59.9579 47.3901 1.5
55.2408 59.9749 47.3416 1.519
55.4128 59.9866 45.7377 1.539
55.4582 59.9949 45.367 1.559
55.2576 59.9993 47.4167 1.579
55.201 59.9997 47.9862 1.6
55.692 59.9957 43.0375 1.619
55.8387 59.9884 41.4967 1.64
55.7085 59.9761 42.6761 1.659
55.741 59.9611 42.2015 1.68
55.9887 59.9404 39.5171 1.699
55.5962 59.9179 43.2169 1.72
55.6201 59.8889 42.6876 1.74
56.2055 59.8572 36.5172 1.759
55.9316 59.8234 38.9185 1.779
55.7439 59.784 40.4013 1.799
56.0617 59.7407 36.7908 1.82
55.7943 59.6911 38.9676 1.839
56.1397 59.6425 35.0281 1.859
56.2153 59.5876 33.7228 1.879
56.8283 59.5288 27.0054 1.9
56.4933 59.463 29.697 1.919
56.6119 59.3999 27.8793 1.939
56.6158 59.3298 27.1395 1.959
56.6128 59.2559 26.4309 1.979
56.8957 59.1784 22.8265 2
56.6763 59.093 24.1673 2.019
56.4047 59.0123 26.0755 2.039
56.753 58.9238 21.7083 2.059
56.5872 58.8318 22.4459 2.079
56.6385 58.7362 20.9767 2.1
56.4991 58.6321 21.33 2.12
56.3379 58.5294 21.9148 2.14
56.4533 58.4233 19.7004 2.159
56.5509 58.3194 17.6852 2.179
56.7116 58.2068 14.9515 2.2
56.511 58.085 15.7393 2.219
56.3492 57.9717 16.2249 2.239
56.6272 57.8494 12.2219 2.259
56.3851 57.7239 13.3881 2.279
56.045 57.5953 15.5033 2.3
56.1889 57.4571 12.6815 2.32
55.9268 57.3223 13.9553 2.34
55.8561 57.1847 13.2859 2.359
56.0945 57.0512 9.56741 2.379
55.6807 56.908 12.2729 2.4
55.8276 56.7546 9.27017 2.42
55.0885 56.6058 15.1732 2.44
55.6718 56.4544 7.82509 2.459
55.0056 56.3081 13.0243 2.479
54.9837 56.1516 11.6796 2.5
54.7639 55.9847 12.2082 2.539
54.6419 55.6678 10.2587 2.559
54.5948 55.5019 9.07158 2.579
54.4607 55.3338 8.73135 2.599
54.3837 55.1636 7.79896 2.619
54.6273 54.9913 3.64006 2.64
54.3792 54.8082 4.29054 2.659
53.917 54.6408 7.23782 2.679
53.5015 54.4627 9.61163 2.7
53.5982 54.2738 6.7564 2.719
53.5904 54.1013 5.10826 2.739
53.1245 53.9181 7.93568 2.759
53.4056 53.7333 3.27698 2.779
52.7732 53.547 7.73808 2.799
52.6057 53.3593 7.53654 2.82
52.4951 53.1608 6.6568 2.839
52.524 52.98 4.55978 2.859
52.3477 52.7885 4.40739 2.879
51.9053 52.5959 6.9054 2.899
51.8423 52.4022 5.59948 2.919
51.2827 52.2076 9.24858 2.939
51.3924 52.0121 6.19736 2.96
51.2845 51.806 5.21507 2.979
51.1418 51.6188 4.77032 2.999
50.5611 51.4211 8.5997 3.019
51.0902 51.2229 1.32671 3.039
50.6699 51.0241 3.54195 3.059
50.3518 50.825 4.73221 3.079
49.7662 50.6255 8.5931 3.1
49.9 50.4158 5.15858 3.12
49.3172 50.2159 8.98727 3.139
49.5835 50.0259 4.42402 3.159
49.5202 49.8259 3.05706 3.179
49.0714 49.626 5.54661 3.2
49.0424 49.4163 3.73856 3.219
48.7684 49.2267 4.58351 3.239
49.0768 49.0275 -0.493088 3.259
48.2892 48.8286 5.39387 3.279
48.1375 48.6303 4.92794 3.3
48.214 48.4226 2.08538 3.319
47.832 48.2352 4.03187 3.34
47.6447 48.0289 3.84258 3.359
47.5769 47.843 2.66136 3.38
47.5862 47.6385 0.523071 3.4
46.9861 47.4446 4.58519 3.419
46.8543 47.2614 4.07097 3.439
46.5993 47.0696 4.70245 3.479
46.4902 46.6896 1.99387 3.5
45.9207 46.4922 5.71434 3.519
46.0361 46.3149 2.78801 3.539
46.1019 46.1297 0.277824 3.579
45.5908 45.7641 1.73294 3.6
45.3361 45.5748 2.38682 3.62
45.1616 45.3964 2.34772 3.639
44.8423 45.2285 3.86257 3.659
44.7177 45.0537 3.36018 3.68
44.7571 44.8723 1.15177 3.699
44.5493 44.7101 1.60797 3.72
43.9404 44.5331 5.92667 3.739
43.6005 44.375 7.7454 3.759
43.9692 44.2108 2.41627 3.779
43.6241 44.0489 4.24725 3.8
42.8527 43.8814 10.2873 3.819
43.3836 43.7323 3.4866 3.84
43.7011 43.57 -1.31035 3.86
42.9595 43.4181 4.58645 3.881
42.7663 43.2615 4.95163 3.9
42.3497 43.1224 7.7269 3.921
42.7765 42.9714 1.94954 3.939
42.603 42.8445 2.41493 3.959
42.0198 42.7063 6.86497 3.979
41.715 42.5709 8.55949 4
41.5087 42.432 9.23313 4.02
41.8082 42.3028 4.94568 4.04
41.6691 42.1767 5.07511 4.059
41.4022 42.0597 6.57562 4.079
40.6619 41.9397 12.7784 4.1
40.9427 41.8172 8.74542 4.119
40.5304 41.7095 11.7908 4.14
40.2888 41.5939 13.0516 4.159
40.5671 41.4925 9.25392 4.179
40.3551 41.3891 10.3403 4.2
40.2752 41.2843 10.0902 4.219
39.9758 41.1927 12.1688 4.239
40.063 41.0997 10.367 4.259
39.6754 41.0103 13.3493 4.279
39.6183 40.9245 13.0621 4.3
39.4312 40.8383 14.0713 4.321
39.7077 40.7562 10.4854 4.34
39.2328 40.6854 14.526 4.359
39.3782 40.618 12.3975 4.4
39.1374 40.484 13.466 4.419
38.837 40.4273 15.9035 4.439
38.5502 40.3714 18.2118 4.459
38.7464 40.3193 15.7291 4.479
38.7563 40.2711 15.1479 4.5
38.6298 40.2247 15.9492 4.519
38.5524 40.1864 16.3402 4.54
38.6687 40.1482 14.7951 4.559
38.6654 40.1174 14.5202 4.579
37.9771 40.0888 21.1176 4.6
38.4159 40.0631 16.472 4.619
38.3871 40.0436 16.565 4.64
38.0538 40.0262 19.7241 4.659
38.0275 40.0143 19.8676 4.68
37.9883 40.0052 20.1699 4.7
38.0276 40.0008 19.7313 4.72
38.1844 40.0003 18.1592 4.739
38.0982 40.0035 19.053 4.759
37.5467 40.0109 24.6412 4.78
37.5796 40.0228 24.4322 4.8
37.9649 40.0384 20.7342 4.839
37.662 40.08 24.1808 4.859
37.6922 40.1073 24.1508 4.879
37.5161 40.1385 26.2233 4.9
37.7132 40.1755 24.6231 4.919
37.5876 40.2127 26.2506 4.939
37.7848 40.2557 24.7085 4.96
37.4746 40.305 28.3034 4.979
37.4116 40.3533 29.4174 5
37.4058 40.4107 30.0495 5.019
37.6826 40.4664 27.8382 5.039
37.6897 40.5286 28.3899 5.059
38.0227 40.5947 25.7197 5.079
37.7398 40.6645 29.2467 5.101
37.9469 40.7456 27.9869 5.121
37.5501 40.8233 32.732 5.14
37.9954 40.9004 29.0501 5.16
38.0335 40.9851 29.5168 5.181
37.7831 41.078 32.9489 5.199
38.1834 41.1608 29.7731 5.219
37.9276 41.256 33.2841 5.239
38.1771 41.3548 31.7773 5.259
38.1325 41.4571 33.2458 5.279
38.5491 41.5627 30.1364 5.3
38.1708 41.6773 35.0648 5.319
38.5004 41.7841 32.8371 5.339
38.3499 41.8998 35.4988 5.36
38.5964 42.0247 34.2826 5.379
38.7889 42.1408 33.5186 5.4
38.6685 42.2723 36.0388 5.42
38.3501 42.4008 40.507 5.439
38.9991 42.5257 35.266 5.459
38.7262 42.66 39.3382 5.479
38.9229 42.7973 38.7446 5.499
39.3114 42.9375 36.2612 5.54
39.4437 43.2336 37.8988 5.559
39.6644 43.3747 37.1032 5.58
39.1802 43.5335 43.5328 5.6
39.6407 43.6873 40.4658 5.619
39.9199 43.8358 39.1589 5.64
39.7682 44.0025 42.3428 5.659
40.1355 44.1556 40.2012 5.68
40.2462 44.3273 40.8112 5.7
40.4986 44.4931 39.9451 5.72
40.5316 44.6611 41.2958 5.74
40.6562 44.8313 41.7516 5.759
40.9804 44.9949 40.1453 5.779
41.0791 45.169 40.8995 5.8
41.197 45.3539 41.5694 5.82
41.6029 45.532 39.2902 5.839
41.2632 45.7027 44.3954 5.859
41.224 45.8842 46.6015 5.88
41.2635 46.0765 48.1292 5.9
41.6582 46.2612 46.0299 5.92
41.7914 46.4474 46.56 5.94
42.0496 46.6351 45.8551 5.959
42.2283 46.8146 45.8632 5.979
42.5034 47.0048 45.0137 6.001
42.6499 47.2154 45.6546 6.019
43.0072 47.3887 43.8149 6.04
43.0426 47.592 45.494 6.06
43.2199 47.7866 45.6665 6.079
42.9451 47.9723 50.2719 6.099
43.3619 48.1685 48.0661 6.12
43.7211 48.3753 46.542 6.139
43.5618 48.5631 50.0129 6.159
44.2149 48.7613 45.464 6.18
44.0655 48.9699 49.0446 6.2
44.2167 49.1691 49.5232 6.22
44.4751 49.3685 48.9341 6.239
44.3225 49.5583 52.3573 6.259
45.003 49.7581 47.5513 6.279
44.9103 49.9581 50.4784 6.3
45.5491 50.1681 46.1904 6.34
45.5951 50.5678 49.7268 6.359
45.856 50.7574 49.0139 6.379
45.9631 50.9566 49.9357 6.4
46.4221 51.1655 47.4335 6.42
46.1631 51.3638 52.0078 6.44
47.0322 51.5617 45.295 6.46
46.7902 51.7589 49.6872 6.479
47.3014 51.9456 46.4421 6.499
47.0163 52.1414 51.2507 6.519
47.2922 52.3363 50.441 6.541
47.5918 52.5496 49.5787 6.559
47.7751 52.7233 49.4814 6.579
48.1041 52.9151 48.1103 6.6
48.4297 53.1154 46.857 6.62
48.1427 53.3048 51.6208 6.639
48.7345 53.4835 47.4899 6.659
48.6757 53.6703 49.9461 6.68
49.0436 53.8648 48.2114 6.701
49.2244 54.0576 48.3322 6.719
49.2353 54.2215 49.8618 6.739
49.3935 54.4019 50.0838 6.759
49.7264 54.5806 48.5416 6.78
49.7236 54.7662 50.4269 6.8
50.1374 54.9411 48.037 6.819
50.3431 55.1054 47.6223 6.84
50.209 55.2848 50.7585 6.86
51.1098 55.4535 43.4369 6.899
51.2055 55.7762 45.7069 6.919
51.0268 55.9383 49.1145 6.939
51.2522 56.098 48.4581 6.959
51.3215 56.2553 49.338 6.979
51.6632 56.4101 47.4689 7
52.0081 56.5698 45.6169 7.02
51.7962 56.7193 49.2307 7.04
52.4247 56.8661 44.4137 7.059
52.8371 57.0029 41.6581 7.079
52.398 57.1443 47.4626 7.101
53.2254 57.2965 40.7114 7.119
52.8697 57.4184 45.4871 7.139
53.1885 57.551 43.6257 7.159
53.0815 57.6806 45.9911 7.18
53.6485 57.8134 41.649 7.2
53.4962 57.9366 44.4049 7.22
53.2027 58.0567 48.54 7.239
53.5932 58.1678 45.7463 7.25999
53.6419 58.2872 46.4526 7.27999
54.0022 58.3974 43.9526 7.29999
54.565 58.5043 39.3938 7.31999
54.7117 58.6078 38.9612 7.33999
54.7611 58.7079 39.4678 7.35999
54.4734 58.8045 43.3113 7.37999
54.4769 58.8976 44.2066 7.39999
54.7565 58.9871 42.3056 7.41999
55.2682 59.073 38.0474 7.43899
54.8758 59.1512 42.7546 7.45999
55.1179 59.2339 41.1595 7.47999
55.3786 59.3088 39.3016 7.50099
55.506 59.3834 38.7748 7.52099
55.6079 59.4507 38.4278 7.53999
55.4498 59.5111 40.6128 7.55899
55.6965 59.5681 38.716 7.57999
56.2171 59.627 34.0985 7.59899
56.5611 59.6767 31.1552 7.61899
56.1964 59.7252 35.2875 7.63899
56.0521 59.7698 37.1773 7.65899
56.5925 59.8105 32.1801 7.67899
56.5688 59.8473 32.7853 7.69999
56.31 59.8817 35.7168 7.71999
56.3778 59.9104 35.3256 7.73999
56.8439 59.9351 30.9122 7.75999
56.5405 59.9559 34.1532 7.77999
56.7283 59.9726 32.4436 7.81999
56.6757 59.9942 33.1848 7.83999
56.8901 59.999 31.089 7.85999
56.7788 59.9998 32.2099 7.87999
56.8854 59.9966 31.1122 7.89999
56.8456 59.9894 31.4383 7.92099
56.8449 59.9776 31.3266 7.93999
56.9694 59.963 29.9368 7.95999
57.0497 59.9439 28.9421 7.97999
56.6718 59.9207 32.4893 7.99999
56.7128 59.8936 31.8084 8.01999
57.1792 59.8625 26.8327 8.04
57.2173 59.8275 26.1024 8.059
57.0462 59.7906 27.444 8.08
56.9009 59.7457 28.4473 8.1
57.4126 59.6989 22.8626 8.119
56.9289 59.6509 27.2198 8.14
57.2065 59.5938 23.8729 8.159
57.0156 59.5384 25.2281 8.179
57.0857 59.4765 23.9078 8.2
56.7828 59.4073 26.2447 8.22
57.0932 59.3376 22.4442 8.239
56.8851 59.2679 23.8286 8.26
57.3081 59.187 18.7887 8.28
57.0659 59.1062 20.4026 8.3
56.8408 59.0217 21.8096 8.32
56.3745 58.9337 25.5913 8.34
56.8277 58.842 20.1431 8.36
56.8823 58.7468 18.6451 8.38
56.1015 58.6481 25.4664 8.4
56.3747 58.546 21.7127 8.42
56.2621 58.4404 21.7836 8.44
56.6945 58.3315 16.3704 8.46
56.2683 58.2192 19.5093 8.48
55.8156 58.1037 22.8802 8.5
56.3686 57.9849 16.1631 8.52
55.9005 57.8629 19.6238 8.561
55.908 57.603 16.9501 8.58
55.6562 57.4782 18.2203 8.6
55.7785 57.3439 15.654 8.619
56.3509 57.2137 8.62751 8.639
55.3292 57.0737 17.4453 8.659
55.5288 56.931 14.0211 8.679
55.4106 56.7854 13.7479 8.7
55.2677 56.6297 13.6192 8.72001
55.2609 56.4786 12.1774 8.74001
55.5059 56.325 8.19065 8.76001
54.6032 56.1688 15.6564 8.80001
55.0534 55.8491 7.957 8.82001
54.609 55.6857 10.7674 8.83901
54.7189 55.5284 8.09547 8.86001
54.4715 55.3522 8.80764 8.88001
54.3004 55.1822 8.81828 8.90001
54.1391 55.0101 8.70995 8.92001
53.7892 54.8361 10.4688 8.94001
53.9614 54.66 6.98685 8.96001
53.7657 54.4822 7.16457 8.98101
53.1136 54.2935 11.7986 9.00001
53.3617 54.1211 7.59354 9.02001
53.322 53.9381 6.16024 9.04001
53.0972 53.7534 6.56277 9.06101
52.5405 53.558 10.1751 9.08001
52.5402 53.3798 8.396 9.10001
52.7449 53.1909 4.4603 9.12001
52.1374 53.0007 8.6335 9.14101
51.7231 52.7997 10.7664 9.15901
52.1277 52.6265 4.98806 9.18001
51.6015 52.4233 8.21819 9.20101
51.7933 52.219 4.25789 9.22001
51.3529 52.0334 6.80481 9.23901
51.0846 51.847 7.62447 9.26001
51.1693 51.6402 4.70909 9.28001
50.8981 51.4426 5.44537 9.30001
50.7654 51.2444 4.79057 9.32001
50.4094 51.0457 6.36326 9.34001
50.6281 50.8466 2.18555 9.36001
49.9004 50.6472 7.46799 9.38001
50.128 50.4475 3.195 9.40001
49.7487 50.2476 4.98959 9.42001
49.774 50.0476 2.73602 9.44001
49.3068 49.8476 5.40855 9.45901
49.2011 49.6577 4.5657 9.48001
49.5661 49.4479 -1.18153 9.50002
48.8344 49.2483 4.13925 9.52002
48.7526 49.0491 2.96505 9.54002
48.5282 48.8502 3.21957 9.58002
47.8341 48.4538 6.19732 9.60002
47.7541 48.2566 5.02464 9.62002
47.8379 48.06 2.22137 9.64102
47.376 47.8544 4.78455 9.66002
47.3108 47.6692 3.5849 9.68002
47.1673 47.4752 3.07884 9.70002
46.6805 47.2822 6.01768 9.72002
47.3783 47.0903 -2.8804 9.74002
46.8653 46.8995 0.342827 9.76002
46.111 46.71 5.9903 9.77902
46.2418 46.5312 2.89398 9.80002
45.8623 46.335 4.72687 9.82002
46.0074 46.1497 1.42303 9.84002
45.8564 45.9659 1.09493 9.86002
45.6731 45.7837 1.10592 9.88002
45.6373 45.6032 -0.341187 9.90102
45.0217 45.4156 3.93829 9.92002
44.7946 45.2475 4.52988 9.94002
44.5906 45.0725 4.81972 9.96002
44.6076 44.8995 2.91924 9.98102
44.0042 44.72 7.15778 10
44.2773 44.5596 2.82284 10.02
44.1808 44.3929 2.12055 10.04
43.4323 44.2284 7.96158 10.06
43.8869 44.0662 1.79329 10.08
43.6894 43.9065 2.1701 10.1
43.7439 43.7491 0.0518036 10.121
42.9667 43.5866 6.19854 10.14
42.7066 43.442 7.35321 10.159
42.8649 43.2997 4.34834 10.183
42.6892 43.1235 4.34349 10.201
42.5605 42.9939 4.3343 10.221
42.2722 42.8526 5.80391 10.241
42.4009 42.7142 3.13297 10.259
41.5461 42.5921 10.4603 10.28
41.5385 42.4527 9.14192 10.3
41.6576 42.323 6.65375 10.321
41.0998 42.1901 10.9031 10.34
41.3548 42.0729 7.18067 10.36
40.9029 41.9525 10.4963 10.38
40.601 41.8354 12.3442 10.421
40.6466 41.6056 9.59019 10.44
40.3475 41.5039 11.5638 10.46
40.3828 41.4001 10.1732 10.481
40.14 41.2948 11.5482 10.5
39.9296 41.2029 12.7328 10.52
39.7182 41.1096 13.9137 10.54
40.1043 41.0198 9.15508 10.56
40.0856 40.9336 8.47996 10.58
39.9254 40.851 9.25682 10.6
39.7503 40.7721 10.2179 10.62
39.2928 40.6969 14.041 10.641
39.1296 40.622 14.9232 10.659
39.2224 40.561 13.3858 10.68
38.9493 40.4937 15.4445 10.7
39.1563 40.4336 12.7728 10.72
39.01 40.3772 13.672 10.741
38.6805 40.3222 16.4171 10.759
38.9756 40.2785 13.0291 10.78
38.5055 40.2314 17.2587 10.8
38.0621 40.1906 21.2846 10.82
38.8514 40.1537 13.023 10.841
38.152 40.1192 19.6718 10.86
37.8792 40.0917 22.1255 10.881
38.2202 40.0655 18.4528 10.901
37.9215 40.0447 21.2313 10.921
37.8459 40.0278 21.8186 10.941
38.2664 40.0149 17.4845 10.961
38.1018 40.006 19.0413 10.98
37.9287 40.0012 20.7248 11.001
38.0449 40.0001 19.5527 11.021
37.808 40.0032 21.9528 11.041
38.1242 40.0103 18.8617 11.06
37.873 40.0208 21.4779 11.08
37.8208 40.0356 22.1482 11.101
37.9 40.0556 21.5552 11.12
37.5377 40.0774 25.3967 11.14
37.7007 40.1042 24.0345 11.16
37.7659 40.1349 23.6906 11.18
37.7964 40.1696 23.732 11.201
37.9345 40.2103 22.7585 11.221
37.6309 40.2531 26.2221 11.241
37.6047 40.2997 26.9504 11.259
37.5668 40.3451 27.7825 11.281
37.4541 40.4047 29.506 11.301
37.9225 40.4629 25.4038 11.32
37.5126 40.5218 30.0918 11.34
37.9999 40.5874 25.8749 11.361
37.7404 40.6604 29.2001 11.38
37.7735 40.73 29.5646 11.401
38.2143 40.8108 25.9651 11.421
37.6897 40.8915 32.0181 11.441
37.6316 40.9759 33.4431 11.46
37.8257 41.0594 32.3368 11.48
37.6621 41.1507 34.8864 11.5
38.1307 41.2457 31.1494 11.521
37.652 41.3491 36.9706 11.54
38.2928 41.4459 31.5319 11.56
38.425 41.5512 31.2626 11.58
38.4137 41.6599 32.4624 11.601
38.0508 41.7776 37.2686 11.621
38.2143 41.8931 36.7879 11.641
38.3787 42.0118 36.3311 11.66
38.6736 42.1275 34.539 11.679
38.5158 42.2461 37.3035 11.701
38.7101 42.3869 36.7676 11.72
39.1735 42.5115 33.3796 11.739
39.0136 42.6387 36.2513 11.759
39.1131 42.7756 36.625 11.779
39.2848 42.9153 36.3052 11.801
39.0656 43.0723 40.0662 11.82
39.6367 43.2105 35.7384 11.841
39.2456 43.3662 41.2056 11.86
39.5301 43.5095 39.7948 11.88
39.3244 43.663 43.3859 11.901
39.6014 43.8268 42.254 11.92
40.2256 43.9774 37.518 11.94
40.1096 44.1383 40.2869 11.96
40.2914 44.3015 40.1003 11.981
40.4142 44.4753 40.6111 12.001
40.7475 44.6431 38.9562 12.021
40.7844 44.813 40.2867 12.041
40.4079 44.985 45.7712 12.061
41.0012 45.1591 41.5791 12.081
41.2617 45.335 40.7338 12.101
41.4021 45.5129 41.108 12.12
41.1401 45.6835 45.4332 12.141
41.2144 45.8738 46.5945 12.16
41.2759 46.0476 47.7174 12.18
41.5371 46.2321 46.9504 12.201
41.9546 46.4275 44.7284 12.22
42.2147 46.6056 43.9087 12.239
42.0418 46.7849 47.4309 12.259
42.6821 46.9749 42.9284 12.28
42.7278 47.1757 44.4793 12.301
42.499 47.3778 48.7874 12.321
42.7808 47.5713 47.9054 12.339
43.1114 47.7463 46.3492 12.359
43.2749 47.9416 46.6665 12.379
43.4998 48.1377 46.3787 12.399
43.4399 48.3346 48.9465 12.42
43.8229 48.542 47.1912 12.44
44.0345 48.7401 47.0566 12.459
44.236 48.9288 46.9285 12.479
44.2758 49.1279 48.5205 12.5
44.3584 49.3373 49.7882 12.52
44.6496 49.5369 48.8738 12.539
44.5724 49.7268 51.5443 12.559
45.0368 49.9268 48.8995 12.5791
45.4142 50.1268 47.1263 12.6
45.6164 50.3367 47.2037 12.6201
45.7017 50.5365 48.3485 12.6401
45.5299 50.7361 52.0629 12.6591
46.192 50.9255 47.3346 12.6791
46.3007 51.1244 48.2377 12.7001
46.489 51.3328 48.4387 12.7191
46.7271 51.5209 47.9379 12.7391
46.9402 51.7182 47.78 12.7601
46.784 51.9247 51.4075 12.7791
47.0171 52.1108 50.9372 12.8001
47.2753 52.3156 50.4034 12.8201
47.6572 52.5097 48.5249 12.8401
48.0787 52.7028 46.2412 12.8591
48.0267 52.8852 48.5851 12.8791
48.4278 53.0761 46.4833 12.9021
48.7856 53.2941 45.0857 12.9201
48.3172 53.4635 51.4632 12.9391
48.3097 53.6411 53.3144 12.9591
49.0673 53.8267 47.5942 12.9791
49.5373 54.0107 44.7342 13.0001
49.6431 54.2022 45.5904 13.0191
49.4904 54.3738 48.8342 13.0391
49.6429 54.5528 49.0984 13.0591
50.1347 54.7299 45.9521 13.0791
49.9426 54.9052 49.6262 13.1001
50.4371 55.0871 46.4994 13.1201
50.4416 55.2582 48.1663 13.1391
50.617 55.4189 48.0186 13.1591
50.6281 55.5859 49.5782 13.1791
50.8643 55.7507 48.8634 13.1991
51.4935 55.9131 44.1962 13.2201
51.3972 56.0812 46.8393 13.2391
51.4154 56.2309 48.155 13.2581
51.6894 56.3784 46.89 13.2791
51.6198 56.5387 49.1891 13.3001
52.3421 56.6961 43.5401 13.3191
51.8077 56.836 50.2831 13.3401
52.4219 56.9878 45.6586 13.3591
52.2716 57.1224 48.5083 13.3791
52.6331 57.2614 46.2823 13.4001
52.6764 57.4041 47.2772 13.4201
52.9362 57.5371 46.0084 13.4391
52.8306 57.6606 48.2997 13.4591
53.0691 57.7876 47.1847 13.4781
53.6409 57.9054 42.6451 13.4981
53.8043 58.0263 42.2199 13.5191
53.6237 58.1498 45.261 13.5381
53.6889 58.2584 45.6944 13.5581
54.3581 58.3695 40.114 13.5781
54.2485 58.4773 42.2875 13.5981
54.5552 58.5817 40.2649 13.6181
54.5749 58.6826 41.0773 13.6381
54.6063 58.7801 41.7381 13.6581
54.6561 58.8741 42.1794 13.6781
55.0679 58.9645 38.966 13.6991
55.0623 59.0556 39.9328 13.7191
55.1521 59.1386 39.8646 13.7391
55.0645 59.218 41.5343 13.7591
55.4601 59.2937 38.336 13.7791
55.3983 59.3656 39.6732 13.7991
55.5399 59.4339 38.9395 13.8191
55.7136 59.4983 37.8471 13.8391
55.8989 59.559 36.6004 13.8591
55.8402 59.6158 37.7555 13.8781
56.0759 59.6662 35.9033 13.8981
56.0275 59.7155 36.88 13.9191
55.9552 59.7631 38.0791 13.9581
56.3517 59.84 34.8835 13.9781
56.309 59.8737 35.6467 13.9981
56.0727 59.9034 38.3068 14.0191
56.612 59.9303 33.1839 14.0381
56.7408 59.9509 32.1009 14.0581
56.3546 59.9687 36.141 14.0781
56.9338 59.9825 30.4872 14.0981
56.8652 59.9924 31.2712 14.1181
56.61 59.9982 33.8821 14.1381
56.8972 60 31.0276 14.1581
56.5976 59.9978 34.0017 14.1781
56.9003 59.9916 30.9129 14.1981
57.2261 59.9815 27.5539 14.2391
56.9545 59.9481 29.9364 14.2581
56.8846 59.927 30.4237 14.2791
57.2377 59.8995 26.618 14.3001
57.0851 59.8676 27.8254 14.3201
56.9956 59.8332 28.3757 14.3391
56.8999 59.7969 28.9699 14.3601
57.1543 59.7526 25.9832 14.3781
57.1158 59.7112 25.9538 14.4001
57.0446 59.6564 26.1182 14.4201
56.7957 59.6025 28.0676 14.4401
56.8216 59.5447 27.2311 14.4591
56.8789 59.4863 26.0748 14.4791
57.0217 59.4212 23.995 14.5001
56.9978 59.3487 23.5085 14.5201
57.1856 59.2758 20.902 14.5401
57.0358 59.1993 21.6344 14.5591
56.9565 59.1231 21.6657 14.5791
56.7498 59.0394 22.8962 14.6001
56.6009 58.9476 23.4672 14.6201
57.0128 58.8565 18.4365 14.6401
57.0279 58.7618 17.3396 14.6591
56.8894 58.6687 17.7927 14.6801
56.5238 58.5621 20.383 14.7001
56.7297 58.4571 17.2739 14.7201
56.4837 58.3487 18.6498 14.7401
56.3807 58.2369 18.5618 14.7591
56.1967 58.1277 19.3098 14.7791
55.9719 58.0095 20.3764 14.8001
56.4325 57.882 14.4952 14.8201
55.9776 57.7574 17.7981 14.8391
55.771 57.6361 18.6509 14.8591
55.9742 57.5054 15.312 14.8791
55.7084 57.3718 16.6342 14.9001
55.734 57.2283 14.9423 14.9201
55.4687 57.0886 16.1988 14.9391
55.6854 56.9533 12.6799 14.9591
55.5882 56.8082 12.2002 14.9791
55.2528 56.6604 14.0754 15.0001
55.1706 56.5023 13.3171 15.0201
54.8245 56.349 15.2452 15.0391
54.9732 56.2011 12.2787 15.0591
54.8772 56.043 11.6576 15.0791
54.9006 55.8824 9.81792 15.1001
54.6181 55.7113 10.932 15.1201
54.606 55.546 9.40014 15.1391
54.3283 55.3869 10.5865 15.1591
53.7809 55.2173 14.3643 15.1801
53.9252 55.037 11.1188 15.2001
54.0257 54.8633 8.37574 15.2201
53.8336 54.6876 8.53909 15.2401
53.4915 54.51 10.1847 15.2601
53.8224 54.3306 5.08129 15.2801
53.5055 54.1494 6.43967 15.3001
53.1409 53.9666 8.25783 15.3191
53.0345 53.7915 7.57 15.3391
53.2344 53.6057 3.713 15.3591
52.663 53.4184 7.55428 15.3791
53.003 53.2298 2.2683 15.4001
52.322 53.0304 7.08359 15.4201
52.3363 52.8392 5.02918 15.4391
52.1369 52.6565 5.1963 15.4601
51.8172 52.4535 6.36314 15.4791
51.9735 52.2688 2.95357 15.5001
51.387 52.0638 6.76842 15.5201
51.5658 51.8677 3.0196 15.5401
51.1928 51.6709 4.78104 15.5591
50.8778 51.4833 6.05492 15.5791
50.7953 51.2852 4.89891 15.5991
50.6897 51.0866 3.96919 15.6191
50.2364 50.8876 6.51222 15.6391
50.2309 50.6882 4.57264 15.6591
50.3024 50.4885 1.86184 15.6801
49.6515 50.2787 6.27178 15.7001
49.6991 50.0787 3.79631 15.7201
49.3984 49.8787 4.80362 15.7391
49.0886 49.6888 6.00204 15.7591
49.1476 49.489 3.41385 15.7791
48.7343 49.2893 5.55019 15.8001
48.6744 49.08 4.05602 15.8191
48.7097 48.891 1.81343 15.8391
48.2455 48.6925 4.46941 15.8591
48.0612 48.4945 4.33285 15.8801
47.7919 48.2872 4.95258 15.9001
47.8217 48.0905 2.68784 15.9201
47.7619 47.8946 1.32713 15.9381
47.4912 47.719 2.27757 15.9591
47.021 47.515 4.93977 15.9791
46.7526 47.3218 5.69214 16.0001
47.2103 47.1201 -0.901985 16.0201
46.6315 46.9291 2.97581 16.0391
46.1148 46.7489 6.34102 16.0591
46.3595 46.5604 2.0089 16.0801
46.1646 46.364 1.99371 16.1001
45.7991 46.1784 3.79307 16.1201
45.7377 45.9944 2.5666 16.1401
45.4659 45.8119 3.46058 16.1591
44.9442 45.6402 6.95957 16.1791
45.3067 45.4611 1.54354 16.2001
45.0289 45.2749 2.46017 16.2201
44.9914 45.0996 1.08238 16.2391
44.6373 44.9349 2.97592 16.2591
44.2642 44.7635 4.99325 16.2791
44.2581 44.5942 3.36048 16.3001
43.8709 44.4187 5.47764 16.3191
43.6235 44.2621 6.38603 16.3591
43.3165 43.9391 6.22616 16.3791
43.042 43.7813 7.3925 16.3991
42.9368 43.6259 6.89064 16.4191
43.3037 43.4731 1.69353 16.4391
43.0608 43.3229 2.62066 16.4591
42.4035 43.1753 7.71839 16.4791
42.427 43.0305 6.03508 16.4991
42.0815 42.8885 8.07014 16.5191
42.0696 42.7493 6.79733 16.5391
41.6738 42.613 9.39255 16.5591
41.6961 42.4797 7.83623 16.5791
41.6343 42.3494 7.15115 16.6001
41.2898 42.2159 9.26075 16.6201
41.46 42.0919 6.31824 16.6591
41.2642 41.8592 5.95039 16.6791
40.7728 41.7447 9.71893 16.7001
40.9768 41.628 6.51264 16.7191
40.3877 41.5256 11.3799 16.7391
40.4008 41.4212 10.2041 16.7591
40.4648 41.3201 8.55301 16.7791
40.0303 41.2225 11.922 16.7991
40.1446 41.1285 9.83917 16.8201
39.8712 41.0335 11.6232 16.8391
39.6703 40.951 12.8074 16.8591
39.9429 40.8677 9.24797 16.8791
39.5594 40.7881 12.2865 16.9001
39.7217 40.7084 9.86706 16.9201
39.6987 40.6363 9.37649 16.9391
39.1007 40.5713 14.7065 16.9591
38.7473 40.5066 17.5923 16.9791
39.0902 40.4456 13.5541 17.0001
38.8534 40.3857 15.3238 17.0191
38.923 40.3352 14.1221 17.0391
38.834 40.2858 14.5183 17.0601
38.387 40.2381 18.5107 17.0791
38.6731 40.1987 15.2556 17.0991
38.5045 40.161 16.5642 17.1201
38.4171 40.1256 17.0847 17.1401
38.4565 40.096 16.395 17.1591
38.4831 40.0715 15.8837 17.1791
38.1524 40.0496 18.9725 17.1991
37.8197 40.0317 22.1196 17.2201
37.9589 40.0172 20.583 17.2391
37.9809 40.0079 20.2693 17.2591
38.1792 40.0019 18.2273 17.2801
37.7636 40 22.3643 17.3001
37.8007 40.0023 22.0156 17.3201
37.7478 40.0085 22.6072 17.3391
37.8754 40.0182 21.428 17.3591
37.9693 40.0323 20.63 17.3791
37.794 40.0503 22.5633 17.3991
37.8585 40.0723 22.1386 17.4191
37.9674 40.0983 21.3087 17.4391
37.3853 40.1283 27.4297 17.4591
37.6221 40.1622 25.4008 17.4791
37.412 40.2 27.8798 17.5001
37.4422 40.244 28.0177 17.5191
37.2898 40.2874 29.9765 17.5391
37.4687 40.337 28.6827 17.5591
37.6705 40.3904 27.1993 17.5791
37.785 40.4477 26.6269 17.5991
37.8967 40.5087 26.1203 17.6191
37.6752 40.5736 28.9843 17.6391
37.7321 40.6423 29.1016 17.6601
37.7645 40.7184 29.5389 17.6791
37.792 40.7907 29.9877 17.7001
37.3218 40.8746 35.5279 17.7201
37.7892 40.9582 31.6904 17.7401
37.4215 41.0455 36.2398 17.7601
37.9623 41.1363 31.7401 17.7791
37.8225 41.2258 34.0329 17.7991
37.894 41.3235 34.2955 17.8191
37.932 41.4247 34.9267 17.8391
38.0269 41.5293 35.0243 17.8591
38.1528 41.6373 34.8446 17.8791
38.6904 41.7486 30.5821 17.8991
38.4591 41.8632 34.0412 17.9201
38.3707 41.9871 36.1643 17.9391
38.8203 42.1022 32.8193 17.9591
39.244 42.2265 29.8249 17.9791
39.0053 42.3538 33.4854 18.0001
38.853 42.4908 36.3787 18.0201
39.1395 42.6244 34.8495 18.0401
38.7173 42.7609 40.4366 18.0591
39.2204 42.8933 36.7289 18.0791
39.5709 43.0354 34.6454 18.0991
39.585 43.1803 35.9534 18.1191
39.532 43.328 37.9597 18.1401
39.9697 43.4859 35.1616 18.1591
39.6693 43.6312 39.6191 18.1791
39.6647 43.7866 41.2191 18.1991
40.3169 43.9446 36.277 18.2191
40.2057 44.1049 38.9923 18.2391
40.1313 44.2677 41.3633 18.2591
40.5631 44.4327 38.6959 18.2801
40.8566 44.6083 37.5178 18.3001
40.75 44.7779 40.2787 18.3201
40.9111 44.9495 40.3833 18.3391
40.7586 45.1143 43.5571 18.3591
41.2872 45.2898 40.0262 18.3791
41.1925 45.4672 42.7465 18.3991
41.5777 45.6463 40.6866 18.4191
41.8307 45.8273 39.9657 18.4391
41.2751 46.0098 47.3476 18.4591
41.0978 46.194 50.9619 18.4791
41.6954 46.3797 46.8431 18.5001
42.1526 46.5763 44.2367 18.5201
41.894 46.7648 48.7087 18.5391
42.2629 46.9452 46.8227 18.5591
41.9719 47.1362 51.6431 18.5791
42.2814 47.3284 50.4698 18.5991
42.7953 47.5217 47.264 18.6191
42.9215 47.7159 47.9443 18.6391
43.1738 47.9111 47.3729 18.6591
43.4082 48.1071 46.989 18.6791
43.2753 48.3038 50.2856 18.6991
43.573 48.5013 49.2826 18.7191
44.0809 48.6993 46.1839 18.7601
44.503 49.1068 46.0385 18.7791
44.1496 49.2962 51.4655 18.7991
44.5343 49.4958 49.6149 18.8191
44.7381 49.6957 49.5751 18.8391
45.1031 49.8956 47.9251 18.8591
45.2677 50.0956 48.2788 18.8791
45.4165 50.2956 48.7906 18.8991
45.4873 50.4954 50.081 18.9201
45.8565 50.705 48.4851 18.9391
45.9008 50.8944 49.9358 18.9591
46.2664 51.0934 48.2701 18.9791
46.6743 51.292 46.1775 19.0001
46.3089 51.4999 51.9108 19.0201
46.8971 51.6974 48.0024 19.0401
47.1514 51.8941 47.4276 19.0591
47.0058 52.0803 50.7452 19.0791
47.6197 52.2755 46.5583 19.1001
47.4443 52.4795 50.3516 19.1201
47.9173 52.6727 47.5547 19.1391
48.1858 52.8553 46.6953 19.1591
48.1176 53.0464 49.2881 19.1801
48.2261 53.2458 50.1961 19.2001
48.3811 53.4343 50.5312 19.2191
48.8425 53.6121 47.6961 19.2391
48.7599 53.7978 50.3798 19.2591
49.174 53.9821 48.0811 19.2791
49.7453 54.1647 44.1945 19.3001
49.1399 54.3547 52.1487 19.3201
49.6991 54.5339 48.3475 19.3401
50.0971 54.7112 46.1413 19.3591
50.4441 54.878 44.3382 19.3801
50.3378 55.0602 47.2237 19.3991
50.4245 55.2231 47.986 19.4191
50.3901 55.3926 50.0252 19.4391
50.9275 55.56 46.3251 19.4591
51.051 55.7251 46.7413 19.4791
50.9918 55.8879 48.9615 19.5001
50.8587 56.0564 51.9769 19.5201
51.4629 56.2143 47.5143 19.5591
51.4059 56.515 51.0917 19.5791
51.8964 56.6655 47.6905 19.6001
52.1286 56.8205 46.9191 19.6201
52.0693 56.9654 48.961 19.6391
52.5049 57.1005 45.9553 19.6591
52.566 57.2399 46.7389 19.6791
53.2044 57.3764 41.7196 19.6991
52.8413 57.5099 46.6868 19.7191
53.2341 57.6405 44.0639 19.7401
53.2619 57.7743 45.1238 19.7601
53.3082 57.8985 45.9029 19.7791
53.7148 58.0136 42.9877 19.8001
53.758 58.1374 43.7949 19.8201
54.0688 58.2521 41.8328 19.8391
54.4266 58.3579 39.3127 19.8591
54.013 58.466 44.5301 19.8801
54.346 58.5759 42.2985 19.9001
54.8385 58.677 38.3854 19.9201
54.5228 58.7747 42.5193 19.9401
54.4248 58.8689 44.4406 19.9601
54.7729 58.9595 41.8658 19.9801
55.0626 59.0465 39.8399 20.0001
54.9295 59.13 42.0049 20.0201
55.3847 59.2097 38.2502 20.0391
55.4728 59.2821 38.0933 20.0591
55.4605 59.3546 38.9414 20.0991
55.5393 59.4885 39.492 20.1201
55.8131 59.5527 37.3964 20.1391
55.6375 59.6072 39.6966 20.1591
55.6729 59.6607 39.8783 20.1801
55.7184 59.7128 39.9448 20.1991
56.294 59.7563 34.6229 20.2201
55.9772 59.8002 38.2302 20.2401
56.5546 59.838 32.8338 20.2591
56.5308 59.8703 33.3948 20.2791
56.2804 59.9004 36.2006 20.3001
56.7913 59.9278 31.3647 20.3201
56.6689 59.9498 32.8096 20.3391
56.7953 59.967 31.7177 20.3591
56.8171 59.9813 31.6414 20.3801
56.5221 59.9919 34.6979 20.4001
56.7807 59.998 32.1724 20.4201
56.9658 60 30.3418 20.4391
56.7033 59.9982 32.949 20.4591
57.1278 59.9925 28.6468 20.4801
56.7069 59.9821 32.7521 20.5001
56.8637 59.9682 31.0455 20.5201
56.764 59.9503 31.8626 20.5391
57.0504 59.9296 28.792 20.5591
57.1222 59.9039 27.817 20.5801
57.2184 59.8726 26.5428 20.6001
57.103 59.8388 27.3582 20.6201
57.2659 59.8011 25.3523 20.6391
57.0639 59.7616 26.9772 20.6591
57.3746 59.7163 23.4173 20.6791
57.1705 59.667 24.9651 20.7001
57.0791 59.6112 25.321 20.7201
57.0461 59.554 25.0796 20.7391
56.8343 59.4962 26.6188 20.7591
56.8728 59.4316 25.5885 20.7791
56.9257 59.3633 24.3754 20.8001
57.2822 59.2875 20.0525 20.8191
56.6926 59.2154 25.228 20.8391
56.8903 59.1359 22.4555 20.8591
56.8502 59.0527 22.0256 20.8791
56.9823 58.966 19.8365 20.8991
56.6192 58.8756 22.5636 20.9191
56.3862 58.7817 23.9551 20.9401
56.5181 58.6793 21.6125 20.9601
56.3631 58.5782 22.1514 20.9791
56.2234 58.4791 22.5566 21.0001
56.8451 58.3659 15.2072 21.0201
56.1068 58.2546 21.4786 21.0391
56.4799 58.1459 16.6605 21.0591
56.1528 58.0283 18.7551 21.0831
56.055 57.8829 18.2791 21.1011
55.9766 57.7709 17.943 21.1201
56.2295 57.6499 14.2034 21.1401
55.7906 57.5196 17.2891 21.1591
55.6082 57.393 17.8472 21.1801
55.5907 57.2499 16.5923 21.2011
55.5082 57.1037 15.955 21.2201
55.3928 56.9687 15.7595 21.2401
55.7495 56.8239 10.744 21.2591
55.5926 56.6838 10.9122 21.2801
55.7387 56.5261 7.87415 21.3001
55.4265 56.3733 9.46819 21.3201
55.3137 56.2179 9.04202 21.3391
55.0843 56.068 9.83704 21.3801
54.7747 55.7371 9.62414 21.3991
54.6627 55.5804 9.1777 21.4201
54.0829 55.405 13.221 21.4391
54.0875 55.2441 11.5666 21.4591
54.1317 55.0728 9.41135 21.4811
54.3475 54.882 5.34538 21.5001
53.9597 54.7153 7.55596 21.5201
53.8053 54.538 7.32727 21.5391
53.3138 54.3679 10.5416 21.5591
53.3401 54.1871 8.47004 21.5801
52.861 53.9955 11.3457 21.6001
52.8392 53.8114 9.72229 21.6201
52.7657 53.6257 8.60016 21.6401
52.747 53.4386 6.91597 21.6591
52.2859 53.2596 9.73732 21.6801
52.8767 53.0604 1.83666 21.7011
52.3148 52.8598 5.45006 21.7211
52.0436 52.6676 6.23936 21.7391
51.9167 52.4937 5.77015 21.7591
51.5805 52.2995 7.18998 21.7791
51.4865 52.1044 6.17878 21.7991
50.9325 51.9085 9.75941 21.8191
51.0834 51.7118 6.28368 21.8401
50.7069 51.5045 7.97661 21.8591
50.9515 51.3164 3.64941 21.8851
50.8734 51.0583 1.84864 21.9011
50.7145 50.8991 1.8457 21.9201
50.335 50.7097 3.74699 21.9401
50.2701 50.5101 2.39948 21.9591
49.7335 50.3202 5.8675 21.9791
49.4581 50.1203 6.62228 22.0001
49.8592 49.9103 0.510902 22.0191
49.271 49.7203 4.49318 22.0391
49.062 49.5205 4.58458 22.0591
49.1313 49.3208 1.89495 22.0791
48.5121 49.1214 6.09276 22.1401
48.3334 48.5158 1.82381 22.1591
47.8659 48.3282 4.62269 22.1791
47.8718 48.1313 2.59563 22.2001
47.9075 47.9255 0.179634 22.2191
47.2722 47.74 4.67747 22.2391
47.3541 47.5456 1.91513 22.2591
46.3742 47.3522 9.78065 22.2991
46.5874 46.9687 3.81344 22.3201
46.3777 46.7693 3.91651 22.3391
46.264 46.5901 3.26069 22.3601
45.7207 46.3934 6.72791 22.4001
45.6384 46.0233 3.84911 22.4201
45.285 45.8406 5.55603 22.4401
45.648 45.6596 0.115547 22.4591
45.2603 45.4892 2.28958 22.4801
45.0645 45.3028 2.383 22.5001
44.953 45.1272 1.74164 22.5201
44.4127 44.9535 5.40813 22.5391
44.2051 44.7904 5.85304 22.5611
43.9716 44.6039 6.32294 22.5801
43.84 44.445 6.04977 22.6001
43.626 44.2798 6.53797 22.6201
43.8909 44.1169 2.25929 22.6391
43.3735 43.9643 5.90847 22.6601
43.289 43.7982 5.09266 22.6791
43.027 43.6503 6.2326 22.7001
42.8733 43.4895 6.16184 22.7201
42.5679 43.339 7.71069 22.7391
42.5829 43.1985 6.15635 22.7591
42.1988 43.0532 8.54443 22.7801
42.2403 42.9037 6.63471 22.7991
42.167 42.7712 6.0413 22.8191
42.4478 42.6344 1.86573 22.8391
41.9283 42.5006 5.72273 22.8591
41.6527 42.3698 7.17133 22.8791
41.4144 42.2421 8.27698 22.9001
41.1249 42.1113 9.86374 22.9201
41.1929 41.99 7.9707 22.9401
40.9217 41.8718 9.50138 22.9601
41.0257 41.757 7.31224 22.9801
40.847 41.6454 7.98397 23.0001
40.8279 41.5372 7.09267 23.0211
40.5076 41.4272 9.19525 23.0391
40.311 41.3359 10.2491 23.0591
40.2803 41.2378 9.57417 23.0791
40.4062 41.1431 7.36916 23.1001
39.7984 41.0476 12.492 23.1191
39.871 40.9646 10.9357 23.1401
39.873 40.8766 10.0354 23.1591
39.387 40.8004 14.1347 23.1791
39.4021 40.7239 13.2174 23.2001
39.2572 40.6475 13.9025 23.2401
39.8944 40.5134 6.19007 23.2601
39.0876 40.452 13.6446 23.2801
38.7443 40.3945 16.5017 23.3001
38.6188 40.3408 17.22 23.3191
38.9396 40.2934 13.5382 23.3391
38.2469 40.2472 20.0035 23.3791
38.3427 40.1667 18.2401 23.3991
38.5888 40.1323 15.4349 23.4201
38.6169 40.1004 14.8354 23.4391
38.3642 40.0753 17.1118 23.4591
38.5345 40.0528 15.1828 23.4801
38.2338 40.0335 17.9961 23.5001
37.9429 40.0191 20.7619 23.5201
38.2181 40.0087 17.9063 23.5591
37.9766 40 20.2349 23.5791
37.7197 40.0015 22.8175 23.6001
38.0502 40.0073 19.5705 23.6191
38.0605 40.0163 19.5587 23.6791
38.048 40.0686 20.206 23.7001
38.0659 40.0953 20.2944 23.7201
37.8089 40.1248 23.1595 23.7391
37.7155 40.1565 24.4109 23.7591
37.6986 40.1938 24.9516 23.7791
37.3784 40.2349 28.5654 23.7991
37.6312 40.28 26.4876 23.8201
37.5352 40.3314 27.962 23.8391
37.3398 40.3817 30.4189 23.8591
37.4356 40.4383 30.0271 23.8801
37.4787 40.5019 30.2326 23.8991
37.5759 40.5631 29.8717 23.9201
37.4118 40.6346 32.2285 23.9391
37.5586 40.7029 31.4429 23.9591
37.4626 40.7784 33.1579 23.9791
37.4561 40.8576 34.0154 23.9991
37.603 40.9405 33.3751 24.0191
38.1706 41.027 28.5635 24.0401
38.0144 41.1217 31.0725 24.0601
38.0659 41.2155 31.4951 24.0791
38.0615 41.3078 32.4634 24.1001
37.9103 41.4136 35.0325 24.1191
38.4824 41.5125 30.3013 24.1391
38.2135 41.6199 34.0643 24.1611
38.59 41.742 31.5202 24.1801
38.4249 41.8506 34.2577 24.2001
38.4731 41.9682 34.9509 24.2201
38.5954 42.0889 34.9352 24.2401
38.4981 42.2128 37.1476 24.2591
38.9093 42.3334 34.2414 24.2791
38.8984 42.4634 35.6497 24.2991
38.8707 42.5963 37.2562 24.3201
38.709 42.7391 40.3008 24.3391
38.9243 42.871 39.4676 24.3591
39.338 43.0127 36.7475 24.3791
39.0726 43.1572 40.8454 24.3991
39.511 43.3044 37.9338 24.4191
39.636 43.4543 38.1824 24.4391
39.6887 43.6068 39.1805 24.4591
39.9233 43.7618 38.3856 24.4801
39.8329 43.9273 40.9446 24.5011
39.9526 44.0955 41.4286 24.5201
40.0461 44.2499 42.038 24.5391
39.9142 44.4063 44.921 24.5591
40.1431 44.5732 44.301 24.5791
40.6618 44.7423 40.8047 24.6001
40.4873 44.9221 44.3478 24.6191
40.5722 45.0867 45.1448 24.6391
40.8546 45.2618 44.0725 24.6591
41.1181 45.4389 43.2078 24.6811
41.1025 45.6358 45.3326 24.7001
41.3853 45.8075 44.2223 24.7201
41.728 45.9899 42.6186 24.7401
41.7373 46.1739 44.3657 24.7601
41.9296 46.3594 44.2986 24.7791
41.7827 46.537 47.5436 24.7991
42.0959 46.7253 46.2947 24.8191
42.1781 46.915 47.3685 24.8391
42.884 47.1058 42.2184 24.8591
42.7046 47.2978 45.9323 24.8801
42.7918 47.5006 47.0885 24.9001
42.7255 47.6947 49.692 24.9201
43.2411 47.8898 46.4867 24.9391
43.1777 48.0759 48.9817 24.9591
43.5748 48.2725 46.9774 24.9791
43.6 48.4699 48.6982 24.9991
43.6663 48.6678 50.0152 25.0191
44.1951 48.8663 46.712 25.0391
44.4226 49.0652 46.4257 25.0591
44.3024 49.2645 49.6208 25.0791
44.5712 49.4641 48.9291 25.1001
44.8657 49.6739 48.0822 25.1191
45.0741 49.8638 47.8973 25.1391
45.525 50.0638 45.3888 25.1591
45.2155 50.2638 50.4828 25.1801
46.0322 50.4737 44.4146 25.2001
45.5639 50.6733 51.0949 25.2201
46.1445 50.8727 47.2826 25.2391
46.4244 51.0618 46.3749 25.2591
46.6181 51.2605 46.4238 25.2801
46.6718 51.4685 47.9674 25.3001
46.6003 51.6661 50.6578 25.3201
46.7452 51.8629 51.1776 25.3391
47.1205 52.0492 49.2873 25.3591
47.2802 52.2446 49.6441 25.3791
47.55 52.439 48.8897 25.3991
48.1791 52.6325 44.534 25.4191
47.5781 52.8249 52.4681 25.4401
48.2083 53.0257 48.1736 25.4591
48.291 53.2062 49.1517 25.5001
48.7009 53.5918 48.9088 25.5191
49.0714 53.7684 46.9706 25.5391
48.9915 53.9529 49.6139 25.5591
49.2159 54.1358 49.1991 25.5791
49.5634 54.3171 47.5367 25.6001
49.7281 54.5056 47.7741 25.6201
49.4883 54.6832 51.9491 25.6391
49.8086 54.8502 50.4161 25.6601
50.2614 55.0328 47.7137 25.6791
50.4322 55.196 47.6387 25.7001
50.3281 55.3743 50.4615 25.7201
50.6355 55.5419 49.0638 25.7391
50.996 55.699 47.0303 25.7591
50.803 55.8622 50.5921 25.7791
51.3005 56.0231 47.2252 25.8001
51.5531 56.1893 46.3622 25.8201
51.7205 56.3452 46.2469 25.8391
51.8244 56.4909 46.6648 25.8591
51.9236 56.6417 47.1808 25.8791
51.7674 56.7899 50.225 25.8991
52.2567 56.9354 46.7866 25.9191
52.2638 57.0781 48.1425 25.9391
52.5344 57.2179 46.8355 25.9591
52.6466 57.3549 47.0825 25.9791
52.9347 57.4889 45.5426 26.0001
52.7149 57.6264 49.1151 26.0201
53.3502 57.7543 44.0408 26.0391
54.0096 57.8728 38.6324 26.0591
53.2658 57.9946 47.2871 26.0791
53.409 58.1131 47.0408 26.1001
53.8754 58.2341 43.5868 26.1391
54.0874 58.4491 43.6163 26.1591
54.5521 58.5543 40.0226 26.1801
54.521 58.6612 41.4021 26.2001
54.8307 58.7594 39.2877 26.2191
54.8221 58.8495 40.2744 26.2391
54.9042 58.9409 40.3667 26.2601
54.7686 59.033 42.6437 26.2801
55.1871 59.1169 39.2979 26.3011
55.4425 59.2012 37.5872 26.3201
55.1036 59.274 41.703 26.3401
55.0901 59.3469 42.5686 26.3601
55.659 59.4161 37.5708 26.3791
55.6158 59.4784 38.6264 26.4001
55.8593 59.5432 36.8393 26.4191
55.9796 59.5983 36.1868 26.4391
56.3054 59.6525 33.4711 26.4591
56.1425 59.7028 35.6026 26.4791
56.1695 59.7493 35.7973 26.5001
56.2602 59.7938 35.3368 26.5191
56.3385 59.8304 34.9194 26.5401
56.5067 59.8668 33.6009 26.5601
56.4956 59.8973 34.0172 26.5811
56.6202 59.9252 33.05 26.5991
56.5611 59.9455 33.8441 26.6191
56.645 59.9644 33.1937 26.6401
56.5632 59.9799 34.1673 26.6601
56.5958 59.9906 33.9474 26.6801
56.7764 59.9973 32.2084 26.6991
56.4599 59.9999 35.3997 26.7191
56.8886 59.9988 31.102 26.7391
57.0756 59.9937 29.1808 26.7591
56.8467 59.9846 31.3783 26.7791
56.9655 59.9714 30.0591 26.8001
56.9872 59.9534 29.6615 26.8191
57.2799 59.9333 26.5342 26.8401
57.3866 59.9069 25.2023 26.8601
56.7899 59.8776 30.8778 26.8791
57.2774 59.8462 25.6881 26.9001
57.2171 59.8074 25.9031 26.9201
57.0841 59.7664 26.8222 26.9391
57.3319 59.7238 23.9182 26.9601
57.1017 59.6726 25.7089 26.9801
57.2566 59.6199 23.6327 27.0001
56.9542 59.5634 26.092 27.0201
57.1899 59.503 23.1315 27.0401
57.1046 59.4389 23.3421 27.0601
56.9699 59.3709 24.0097 27.0791
56.8545 59.3029 24.4839 27.0991
56.6689 59.2277 25.5878 27.1211
56.9669 59.1407 21.7376 27.1401
56.7886 59.062 22.7337 27.1591
56.6089 58.98 23.7115 27.1801
56.4423 58.8856 24.4334 27.2001
56.8063 58.7921 19.8577 27.2201
56.5457 58.6951 21.4937 27.2401
56.6651 58.5946 19.2947 27.2591
56.1953 58.4959 23.0059 27.2811
56.5634 58.3778 18.1436 27.3001
56.2939 58.2726 19.7864 27.3201
56.5224 58.1586 16.3619 27.3401
56.1373 58.0413 19.04 27.3591
56.0637 57.9269 18.6317 27.3801
56.091 57.7971 17.0611 27.4001
56.1559 57.6703 15.1448 27.4201
55.9716 57.5405 15.6886 27.4391
55.6003 57.4144 18.1404 27.4601
55.8669 57.2718 14.0496 27.4791
55.4731 57.1401 16.6698 27.4991
55.5097 56.9986 14.8899 27.5211
55.4472 56.8398 13.9264 27.5401
55.3906 56.7 13.0936 27.5591
55.2664 56.5578 12.9135 27.5791
55.0792 56.4055 13.2629 27.6001
55.2526 56.2428 9.90185 27.6191
54.6526 56.0933 14.4067 27.6401
54.7716 55.9254 11.538 27.6591
54.4036 55.7713 13.6769 27.6791
54.5309 55.6068 10.759 27.6991
54.5977 55.4401 8.42411 27.7191
54.3964 55.2712 8.74817 27.7391
54.1929 55.1002 9.07291 27.7591
54.1025 54.9272 8.2465 27.7801
54.049 54.7434 6.94347 27.8001
53.884 54.5663 6.8232 27.8201
53.9847 54.3875 4.02828 27.8391
53.4219 54.216 7.94098 27.8601
53.4781 54.0247 5.46574 27.8791
52.8334 53.85 10.1667 27.9001
52.8163 53.6554 8.39108 27.9191
52.9321 53.4779 5.45746 27.9391
52.3729 53.2897 9.16767 27.9801
52.6005 52.8998 2.99335 28.0001
51.9061 52.7079 8.01773 28.0201
51.9971 52.5148 5.17658 28.0391
51.648 52.3305 6.82514 28.0591
51.5262 52.1355 6.09314 28.0801
51.0092 51.9299 9.20696 28.1001
51.1243 51.7333 6.09024 28.1201
50.7966 51.536 7.39353 28.1391
50.8168 51.348 5.3117 28.1601
50.6929 51.1396 4.4669 28.1801
50.6618 50.9407 2.78946 28.2001
49.9723 50.7414 7.69157 28.2201
49.999 50.5418 5.42812 28.2391
50.0653 50.352 2.86751 28.2601
49.7465 50.1421 3.95622 28.2801
49.3177 49.9421 6.24432 28.3201
49.5072 49.5423 0.350418 28.3391
49.0274 49.3526 3.25207 28.3601
48.7978 49.1432 3.45337 28.3791
48.9813 48.954 -0.273018 28.4001
48.5774 48.7454 1.68087 28.4201
48.5277 48.5473 0.19577 28.4401
47.8221 48.3497 5.2763 28.4591
48.0086 48.1626 1.54015 28.4791
47.5025 47.9664 4.6386 28.5001
47.7051 47.7613 0.561333 28.5191
47.2099 47.5765 3.66623 28.5391
47.0819 47.383 3.01048 28.5591
47.0032 47.1905 1.87229 28.5791
46.7778 46.9991 2.21249 28.5991
46.6523 46.8089 1.56586 28.6201
46.3402 46.6106 2.7037 28.6591
45.454 46.2464 7.924 28.6801
45.8172 46.0526 2.35332 28.7001
45.2499 45.8696 6.19678 28.7191
45.2062 45.6973 4.91184 28.7391
45.0941 45.5177 4.23611 28.7591
44.615 45.3398 7.24754 28.7801
44.8518 45.155 3.0323 28.7991
44.4573 44.9897 5.32379 28.8191
43.9009 44.8176 9.16737 28.8401
44.3372 44.6392 3.01956 28.8611
44.1735 44.4631 2.89627 28.8801
43.9253 44.3059 3.80558 28.8991
43.5783 44.1508 5.72506 28.9191
43.6365 43.9897 3.5323 28.9391
43.5044 43.8311 3.26668 28.9601
43.2286 43.6672 4.38614 28.9801
42.8001 43.5137 7.13524 29.0001
42.4577 43.3627 9.04999 29.0191
42.5051 43.2218 7.16709 29.0391
42.602 43.0762 4.74163 29.0591
42.1291 42.9332 8.04131 29.0791
42.1776 42.7932 6.15601 29.0991
42.106 42.656 5.4995 29.1191
41.5211 42.5217 10.0059 29.1411
41.6892 42.3775 6.88286 29.1601
41.2229 42.2559 10.3301 29.2001
41.0518 42.0091 9.57291 29.2191
41.0592 41.8963 8.37116 29.2391
40.4423 41.7807 13.384 29.2591
40.8187 41.6685 8.49789 29.2801
40.5225 41.5542 10.3166 29.2991
40.4316 41.454 10.2237 29.3201
40.4068 41.3468 9.40052 29.3401
40.3099 41.2483 9.38358 29.3581
40.0659 41.1626 10.9674 29.3791
39.8847 41.0663 11.8162 29.4021
39.8149 40.9653 11.5044 29.4181
39.8199 40.8979 10.7797 29.4381
39.9774 40.8169 8.3947 29.4581
39.717 40.7396 10.2254 29.4831
39.6966 40.6481 9.51542 29.5001
39.2646 40.5893 13.2463 29.5181
39.4771 40.5299 10.5283 29.5381
39.143 40.4676 13.246 29.5581
39.2292 40.409 11.7982 29.5791
38.6758 40.3517 16.7591 29.5981
39.1343 40.3035 11.6917 29.6181
38.4348 40.2566 18.2174 29.6381
38.7612 40.2135 14.523 29.6591
38.9163 40.1725 12.5621 29.6831
38.6229 40.1309 15.0801 29.7011
38.3161 40.1035 17.8742 29.7181
38.451 40.0805 16.2959 29.7381
38.3374 40.0572 17.1976 29.7591
38.4001 40.037 16.3686 29.7801
38.3325 40.0211 16.8864 29.8001
37.9272 40.0101 20.8296 29.8231
38.4149 40.0024 15.8751 29.8431
37.7478 40 22.5227 29.8601
37.6561 40.0011 23.4506 29.8841
37.8937 40.0076 21.1393 29.9011
37.6671 40.0157 23.4855 29.9191
37.9531 40.0274 20.7422 29.9391
37.451 40.0441 25.9315 29.9581
37.4964 40.0638 25.6738 29.9781
37.3148 40.0883 27.7346 29.9981
37.3254 40.1168 27.9145 30.0181
37.2918 40.1493 28.5745 30.0381
37.4769 40.1857 27.0875 30.0581
37.6112 40.226 26.1482 30.0781
37.6572 40.2702 26.13 30.0991
37.6348 40.3208 26.8605 30.1191
37.5959 40.373 27.7713 30.1381
37.6178 40.4262 28.0841 30.1581
37.1929 40.4858 32.9292 30.1781
37.409 40.5493 31.4033 30.2181
37.5647 40.6876 31.2288 30.2381
37.5959 40.7624 31.6644 30.2581
38.1126 40.8408 27.2815 30.2781
37.838 40.9229 30.8486 30.2991
38.2925 41.013 27.2048 30.3191
38.0335 41.1025 30.6897 30.3381
38.1112 41.1908 30.796 30.3581
38.4727 41.2872 28.1453 30.3781
38.0716 41.3871 33.1556 30.3991
38.3125 41.4957 31.8323 30.4181
38.4974 41.5972 30.9985 30.4381
38.6118 41.7073 30.955 30.4591
38.6004 41.8265 32.261 30.4791
38.4137 41.9434 35.2967 30.4991
38.553 42.0634 35.1044 30.5191
38.7112 42.1867 34.7554 30.5381
38.8305 42.3067 34.762 30.5581
38.5754 42.436 38.6057 30.5781
39.043 42.5683 35.2527 30.5991
39.0139 42.7104 36.9654 30.6191
39.1694 42.8488 36.7939 30.6401
39.2063 42.9972 37.9082 30.6581
39.2252 43.1268 39.016 30.6781
39.1692 43.2734 41.0422 30.7001
39.6338 43.4378 38.0402 30.7191
39.3452 43.5824 42.3717 30.7381
39.7714 43.7292 39.5783 30.7581
39.5554 43.8862 43.3089 30.7791
39.7957 44.0538 42.581 30.7991
39.8972 44.2157 43.1859 30.8181
40.1789 44.3718 41.9283 30.8391
40.5603 44.5466 39.8624 30.8581
40.6447 44.7068 40.6206 30.8801
40.5098 44.8947 43.8487 30.9001
40.8447 45.0677 42.2304 30.9191
40.9982 45.2339 42.3568 30.9401
41.0411 45.4195 43.7841 30.9591
41.3514 45.5892 42.3785 30.9801
41.5048 45.7786 42.7383 31.0001
41.8496 45.9608 41.1115 31.0181
41.6096 46.1261 45.1647 31.0381
41.8611 46.3112 44.5011 31.0581
42.0137 46.4979 44.842 31.0781
42.3955 46.6859 42.9037 31.0991
42.3155 46.8847 45.6918 31.1181
42.4113 47.0658 46.545 31.1381
42.4939 47.2576 47.6372 31.1581
43.0518 47.4505 43.9867 31.1781
43.0145 47.6444 46.2981 31.1981
43.3651 47.8392 44.7406 31.2181
43.1554 48.0349 48.7951 31.2381
43.5377 48.2314 46.9367 31.2581
43.7511 48.4286 46.7749 31.2791
43.6892 48.6363 49.4712 31.2991
44.013 48.8347 48.2165 31.3181
44.3778 49.0236 46.4576 31.3381
44.3731 49.2228 48.4967 31.3581
44.6151 49.4224 48.0724 31.3791
45.0336 49.6321 45.9846 31.3991
44.7359 49.832 50.9615 31.4181
45.3477 50.022 46.7429 31.4381
44.93 50.222 52.9197 31.4591
45.6247 50.4319 48.072 31.4791
45.5869 50.6316 50.4475 31.4981
45.8048 50.8211 50.1626 31.5191
46.3153 51.0302 47.1489 31.5391
45.9011 51.2289 53.2785 31.5591
46.2522 51.4271 51.7491 31.5791
46.4445 51.6248 51.8029 31.5981
46.8838 51.812 49.2817 31.6181
47.1551 52.0083 48.5321 31.6381
47.269 52.2038 49.3478 31.6601
47.5147 52.4178 49.0311 31.6781
47.7889 52.5921 48.032 31.6991
48.0452 52.7943 47.4908 31.7181
47.944 52.9762 50.3224 31.7391
48.4923 53.176 46.8379 31.7591
48.4603 53.365 49.0473 31.7781
48.4149 53.5433 51.2841 31.7981
49.1852 53.7296 45.4443 31.8181
49.1071 53.9145 48.0733 31.8381
49.1032 54.0977 49.9448 31.8581
49.5979 54.2793 46.8142 31.8801
49.3841 54.4771 50.9297 31.9001
49.9293 54.655 47.2576 31.9191
49.5874 54.8223 52.3493 31.9391
50.3251 54.9966 46.7149 31.9581
50.4218 55.1602 47.3846 31.9791
50.3666 55.339 49.724 31.9981
50.9506 55.4986 45.4798 32.0191
51.1094 55.6728 45.6342 32.0381
50.9759 55.8283 48.5236 32.0591
51.3031 55.9976 46.9446 32.0791
51.5046 56.1564 46.5183 32.1191
51.9524 56.4666 45.1429 32.1391
52.1396 56.6179 44.783 32.1581
52.2869 56.7591 44.7221 32.1791
52.3902 56.9124 45.222 32.1981
52.2668 57.0485 47.8166 32.2191
52.7015 57.1959 44.9437 32.2381
52.9785 57.3265 43.4796 32.2581
52.5994 57.4611 48.6173 32.2791
52.9144 57.5993 46.8491 32.2991
53.1174 57.7278 46.1034 32.3181
53.4218 57.847 44.2513 32.3381
52.9917 57.9694 49.7766 32.3591
53.8739 58.0945 42.2055 32.3781
53.9921 58.2046 42.1244 32.3981
53.9427 58.3173 43.7461 32.4181
54.2726 58.4266 41.5399 32.4391
54.0604 58.5378 44.7745 32.4591
54.4749 58.6403 41.6533 32.4791
54.4828 58.7392 42.5645 32.4991
54.5172 58.8347 43.1742 32.5191
54.7155 58.9266 42.1111 32.5391
54.8543 59.015 41.6069 32.5591
54.9668 59.0997 41.3292 32.5791
55.5923 59.1808 35.8849 32.5991
55.224 59.2583 40.3424 32.6181
55.2416 59.3284 40.8677 32.6391
55.5401 59.402 38.6193 32.6581
55.4744 59.465 39.906 32.6781
55.7788 59.5277 37.4889 32.6991
55.5914 59.5893 39.9795 32.7181
55.8159 59.6415 38.2559 32.7381
55.6903 59.6926 40.0237 32.7581
56.0885 59.7399 36.5143 32.7791
56.2075 59.7853 35.7785 32.8001
56.351 59.8264 34.7547 32.8191
56.2896 59.8599 35.7034 32.8381
56.032 59.8898 38.578 32.8581
56.4895 59.9175 34.28 32.8791
56.6249 59.9422 33.1727 32.8991
56.7332 59.9617 32.2848 32.9181
56.0891 59.9765 38.8744 32.9381
56.7722 59.9882 32.1597 32.9591
56.7139 59.9962 32.8231 32.9791
56.7438 59.9997 32.5596 32.9981
56.7504 59.9993 32.4894 33.0182
56.7502 59.9951 32.4484 33.0392
56.4011 59.9863 35.8511 33.0582
56.7875 59.9745 31.8697 33.0792
56.4722 59.9573 34.8515 33.0992
57.2025 59.9369 27.3437 33.1192
57.0399 59.9124 28.7259 33.1392
57.4587 59.8841 24.2538 33.1592
57.166 59.8517 26.8567 33.1802
57.5473 59.8135 22.662 33.2002
57.07 59.7731 27.0306 33.2202
57.2796 59.7288 24.4919 33.2402
57.0969 59.6806 25.8364 33.2582
57.3868 59.6339 22.4705 33.2792
57.0412 59.5755 25.3425 33.2992
56.8759 59.5159 26.4 33.3192
57.103 59.4525 23.4949 33.3382
57.238 59.3888 21.5078 33.3582
57.3018 59.3181 20.1629 33.3792
57.5016 59.2398 17.3819 33.3992
56.9193 59.1615 22.4214 33.4182
57.0339 59.0837 20.4976 33.4392
56.7886 58.9938 22.053 33.4582
57.0122 58.9092 18.9696 33.4792
56.4564 58.8118 23.5545 33.4992
56.7724 58.7155 19.4312 33.5192
56.5122 58.6157 21.0355 33.5392
56.601 58.5125 19.1146 33.5592
56.5558 58.4058 18.5004 33.5792
56.2205 58.2958 20.7535 33.5992
56.1638 58.1825 20.187 33.6192
56.3751 58.0659 16.9073 33.6382
56.4261 57.9521 15.2598 33.6582
56.3231 57.8293 15.0616 33.6792
56.3378 57.6969 13.5906 33.6992
55.9258 57.5677 16.4191 33.7192
55.6136 57.4354 18.2179 33.7382
55.7316 57.307 15.7544 33.7582
55.6963 57.169 14.7277 33.7792
55.6337 57.0211 13.8733 33.7982
55.495 56.8845 13.8953 33.8182
55.3891 56.7381 13.4893 33.8382
54.9342 56.589 16.5475 33.8582
54.9585 56.4372 14.7869 33.8792
54.8819 56.2751 13.9322 33.8982
54.8473 56.126 12.7871 33.9192
54.6633 55.9587 12.9543 33.9382
54.6624 55.805 11.4268 33.9582
55.0014 55.641 6.39622 33.9792
54.2248 55.4664 12.416 33.9992
54.5808 55.2978 7.17003 34.0182
53.6048 55.1357 15.3098 34.0392
54.0746 54.9544 8.79791 34.0592
53.7137 54.7797 10.6607 34.0792
53.9955 54.6031 6.07655 34.0992
53.4551 54.4246 9.69551 34.1192
53.1128 54.2444 11.3163 34.1392
53.2907 54.0625 7.71805 34.1592
52.9913 53.8789 8.87573 34.1782
52.7904 53.7031 9.12712 34.1992
52.8465 53.5072 6.60755 34.2182
52.7614 53.3287 5.67215 34.2382
52.1701 53.1394 9.69345 34.2582
52.3803 52.9489 5.68558 34.2792
52.2032 52.7476 5.44426 34.2992
52.1629 52.5548 3.91888 34.3182
51.7538 52.3706 6.1684 34.3392
51.6939 52.1661 4.72168 34.3582
51.5622 51.9802 4.18049 34.3792
51.8144 51.7739 -0.404205 34.3992
50.9686 51.5768 6.08139 34.4192
51.1089 51.379 2.70031 34.4392
50.6577 51.1806 5.22923 34.4582
50.4546 50.9917 5.37094 34.4792
50.3554 59.3103 89.5494 34.4982
50.4862 63.4483 129.621 34.5202
50.0729 71.8391 217.662 34.5422
50.3042 72.6437 223.395 34.5582
49.8566 72.9885 231.319 34.5872
50.3908 73.3333 229.425 34.6002
51.115 73.7931 226.781 34.6212
51.8092 49.3638 -24.4536 34.6392
52.647 49.1843 -34.6272 34.6592
52.3199 48.9851 -33.3476 34.6792
53.2262 74.023 207.968 34.7002
54.2366 48.5782 -56.5846 34.7392
54.5776 48.1933 -63.8428 34.7582
54.9893 48.0068 -69.8249 34.7792
54.9087 47.8014 -71.0729 34.7992
55.3546 47.6068 -77.4786 34.8182
55.4107 47.4227 -79.8793 34.8382
55.4528 47.23 -82.228 34.8792
55.0826 46.8385 -82.4413 34.8992
54.299 46.6494 -76.4965 34.9382
54.2596 46.2846 -79.75 34.9592
53.3862 46.0904 -72.9573 34.9792
52.9459 45.9071 -70.3881 34.9992
52.5794 45.7255 -68.5397 35.0192
51.5386 45.5455 -59.9302 35.0382
51.0586 45.3762 -56.8235 35.0582
50.6415 45.1998 -54.417 35.0792
50.3436 45.0167 -53.2691 35.0992
49.8744 44.8443 -50.3015 35.1192
49.1884 44.674 -45.1446 35.1392
48.6634 44.5058 -41.5763 35.1582
48.007 44.348 -36.5902 35.1792
47.5403 44.176 -33.6426 35.1992
46.8417 44.0146 -28.2713 35.2192
46.4215 43.8556 -25.6592 35.2382
45.3921 43.7068 -16.8527 35.2582
45.3576 43.5526 -18.0494 35.2792
44.4108 43.3935 -10.1729 35.2992
44.1127 43.2447 -8.68 35.3192
43.7331 43.0986 -6.34525 35.3382
43.1785 42.9624 -2.16084 35.3582
42.5737 42.8217 2.47971 35.3792
42.1655 42.6771 5.11608 35.3992
41.6526 42.5424 8.89736 35.4192
41.255 42.4106 11.556 35.4382
41.3709 42.2883 9.17385 35.4582
40.6014 42.1625 15.6108 35.4792
40.3674 42.0338 16.6642 35.4992
40.3913 41.9145 15.2319 35.5192
40.4118 41.7984 13.8665 35.5392
39.7874 41.6857 18.9829 35.5592
39.4171 41.5762 21.5908 35.5792
38.8676 41.4701 26.025 35.6002
39.1646 41.3624 21.9777 35.6202
38.8868 41.2633 23.7659 35.6392
38.7593 41.1725 24.132 35.6592
38.9471 41.0803 21.3322 35.6792
38.5974 40.9917 23.9421 35.7002
38.1082 40.9025 27.9424 35.7192
38.5347 40.8252 22.9053 35.7392
38.1345 40.7475 26.13 35.7592
38.1215 40.6735 25.5204 35.7792
37.9646 40.6032 26.3866 35.7982
37.8828 40.5399 26.5714 35.8182
38.0249 40.477 24.5207 35.8382
38.0007 40.4179 24.1721 35.8582
38.0668 40.3626 22.9576 35.8802
37.7235 40.3062 25.827 35.9002
37.842 40.259 24.1703 35.9202
37.4747 40.2158 27.4104 35.9402
37.6744 40.1764 25.0194 35.9582
37.8588 40.1443 22.8548 35.9782
37.7583 40.1124 23.5411 36.0002
37.6056 40.0819 24.7633 36.0202
37.8171 40.0584 22.4128 36.0392
37.6987 40.0397 23.4098 36.0592
37.7248 40.0239 22.9905 36.0772
37.8544 40.0131 21.5868 36.0992
37.8418 40.0042 21.6241 36.1192
37.764 40.0004 22.3638 36.1592
37.9309 40.0048 20.739 36.1792
37.8969 40.013 21.1606 36.2002
38.1284 40.0258 18.9746 36.2192
37.4354 40.0413 26.0592 36.2392
37.9681 40.0614 20.9335 36.2592
37.8377 40.0856 22.4785 36.2792
37.5884 40.1136 25.2521 36.2992
38.1401 40.1457 20.0561 36.3182
37.6321 40.1798 25.4768 36.3382
38.173 40.2195 20.465 36.3592
37.7028 40.2654 25.6262 36.3792
37.7482 40.3131 25.6495 36.3992
37.9061 40.3647 24.5866 36.4182
38.4435 40.4173 19.7377 36.4382
37.8356 40.4764 26.4083 36.4582
37.7424 40.5393 27.9692 36.4802
38.2675 40.6128 23.4532 36.5002
37.9458 40.6836 27.3781 36.5202
38.1554 40.7582 26.0281 36.5402
38.1366 40.8364 26.9987 36.5592
38.1118 40.9141 28.0233 36.5802
38.3597 41.0039 26.4418 36.6002
38.3164 41.093 27.7659 36.6192
37.924 41.181 32.57 36.6382
38.3919 41.2721 28.8021 36.6582
38.3954 41.3715 29.7609 36.6992
38.0358 41.5859 35.5009 36.7192
38.2806 41.6957 34.1508 36.7392
38.3978 41.8088 34.1098 36.7592
38.73 41.9251 31.9514 36.7802
38.2842 42.0508 37.6654 36.7992
38.8401 42.1675 33.2742 36.8182
38.724 42.287 35.6305 36.8382
38.8452 42.4158 35.7068 36.8592
38.7646 42.5544 37.8976 36.8802
38.9697 42.6962 37.2654 36.8992
39.0793 42.8273 37.4795 36.9182
39.2229 42.961 37.3812 36.9402
39.241 43.1189 38.7797 36.9582
39.5557 43.2507 36.9493 36.9802
39.2942 43.4146 41.2044 37.0002
39.6095 43.5664 39.5696 37.0182
39.5726 43.7053 41.3263 37.0382
39.8049 43.8619 40.5704 37.0592
39.8223 44.0291 42.068 37.0802
40.3772 44.1988 38.2158 37.1002
40.4002 44.3629 39.6266 37.1182
40.0688 44.5125 44.4368 37.1382
40.4798 44.6808 42.0092 37.1602
40.7729 44.8683 40.9537 37.1792
40.8528 45.0323 41.7955 37.1992
40.9174 45.2069 42.8946 37.2192
41.0614 45.3834 43.2192 37.2392
41.0071 45.5617 45.5462 37.2582
40.8419 45.7327 48.909 37.2792
41.2897 45.9236 46.3386 37.2992
41.2283 46.107 48.7871 37.3192
41.4781 46.292 48.1394 37.3392
42.0139 46.4785 44.6459 37.3592
42.267 46.6664 43.994 37.3802
42.0946 46.8651 47.7054 37.3992
42.3891 47.0461 46.5702 37.4192
42.538 47.2377 46.9975 37.4392
43.033 47.4305 43.9754 37.4582
43.0764 47.6146 45.3817 37.4802
42.9965 47.8288 48.3225 37.5002
43.2381 48.0244 47.8636 37.5182
43.6058 48.2012 45.9544 37.5382
43.7829 48.3983 46.1543 37.5592
43.9013 48.6059 47.0461 37.5802
44.3025 48.8142 45.1168 37.5993
44.3915 49.003 46.1157 37.6193
44.0933 49.2022 51.0889 37.6383
44.8729 49.3918 45.1893 37.6593
45.0643 49.6015 45.3724 37.6803
44.9298 49.8114 48.816 37.6993
45.5016 50.0014 44.9984 37.7203
45.3253 50.2114 48.8605 37.7593
45.58 50.6011 50.211 37.7803
45.7752 50.8105 50.3533 37.8003
45.8948 51.0097 51.1493 37.8193
46.3622 51.1986 48.3635 37.8393
46.4168 51.3969 49.8011 37.8583
46.5829 51.5847 50.0182 37.8803
46.6921 51.8016 51.0946 37.9003
46.8936 51.9979 51.043 37.9193
47.2666 52.1837 49.1713 37.9383
47.2813 52.3687 50.8742 37.9583
47.3503 52.5626 52.1228 37.9803
47.697 52.7746 50.7759 37.9993
47.7529 52.9566 52.0375 38.0193
48.1456 53.1471 50.015 38.0583
48.5017 53.5148 50.1309 38.0803
48.8572 53.7199 48.6268 38.1003
49.0759 53.9048 48.289 38.1203
49.3741 54.0881 47.1405 38.1383
50.029 54.2517 42.2273 38.1593
49.4816 54.4408 49.5922 38.1803
49.7407 54.628 48.8735 38.2003
49.7135 54.8044 50.9086 38.2193
49.9912 54.9701 49.7894 38.2383
50.3622 55.1341 47.7187 38.2583
50.3673 55.3047 49.3736 38.2793
50.6174 55.4815 48.6412 38.2993
50.7764 55.6477 48.7129 38.3193
51.2852 55.8116 45.2644 38.3393
51.2599 55.9732 47.1331 38.3593
51.218 56.1324 49.1439 38.3803
52.0568 56.2969 42.4011 38.4003
51.5848 56.451 48.6625 38.4203
51.7141 56.6025 48.8845 38.4403
51.8104 56.7514 49.4098 38.4603
52.2734 56.8976 46.2421 38.4803
52.4997 57.041 45.4133 38.5003
52.6643 57.1816 45.1738 38.5193
52.5888 57.3125 47.2373 38.5383
53.1001 57.4408 43.4073 38.5583
53.2486 57.573 43.2435 38.5803
53.2016 57.7148 45.1321 38.6003
53.1587 57.8405 46.8179 38.6183
53.4869 57.9509 44.6406 38.6383
54.0303 58.0706 40.4035 38.6583
53.6963 58.1871 44.9078 38.6783
53.7992 58.3003 45.0112 38.6993
53.9211 58.4156 44.9445 38.7193
54.0315 58.5219 44.9047 38.7383
54.4981 58.6198 41.2172 38.7583
54.3784 58.7195 43.4103 38.7803
54.3996 58.8251 44.255 38.8003
55.1314 58.9174 37.8595 38.8203
54.7868 59.0061 42.1927 38.8393
54.6569 59.087 44.3013 38.8603
54.891 59.1727 42.8169 38.8803
55.3436 59.2505 39.0686 38.9003
55.5524 59.3246 37.7222 38.9183
55.573 59.3881 38.1514 38.9393
55.7149 59.4584 37.4347 38.9583
55.6842 59.5184 38.3419 38.9803
55.6535 59.5835 39.3 39.0003
55.7225 59.6387 39.1618 39.0203
56.7243 59.6901 29.6573 39.0403
56.0276 59.7375 37.0992 39.0583
56.2083 59.7769 35.6857 39.0793
56.3989 59.8189 34.1992 39.0993
56.5897 59.8548 32.6505 39.1193
56.1828 59.8868 37.0396 39.1393
56.8147 59.9148 31.0007 39.1593
56.6513 59.9389 32.8758 39.1793
56.6846 59.959 32.7433 39.1993
56.437 59.9751 35.3809 39.2183
56.5835 59.9867 34.0318 39.2393
56.5173 59.9953 34.7805 39.2573
57.1699 59.9992 28.2929 39.2793
57.0326 59.9996 29.6701 39.2983
56.6386 59.996 33.5734 39.3183
57.246 59.9883 27.4225 39.3573
56.7988 59.9618 31.6304 39.3793
57.0238 59.9402 29.1642 39.3983
56.7875 59.9177 31.3016 39.4183
56.9764 59.8901 29.1367 39.4383
56.8976 59.8586 29.6096 39.4583
57.4592 59.8231 23.6392 39.4783
57.032 59.7837 27.5164 39.4983
57.0491 59.7403 26.9119 39.5183
57.139 59.6931 25.5407 39.5373
57.0172 59.6446 26.2745 39.5583
57.1801 59.587 24.0697 39.5793
56.8577 59.5252 26.6745 39.5993
57.1417 59.4624 23.2067 39.6393
56.8253 59.3255 25.002 39.6593
56.759 59.2514 24.9245 39.6793
56.8563 59.1736 23.1734 39.6993
56.9978 59.0922 20.9435 39.7183
57.3747 59.0115 16.3678 39.7383
56.4427 58.923 24.8026 39.7583
56.9331 58.8309 18.9781 39.7783
56.6253 58.7353 21.1003 39.7983
56.6521 58.6362 19.8405 39.8183
56.5631 58.5336 19.7049 39.8383
56.8265 58.4277 16.0117 39.8583
56.5446 58.3183 17.7371 39.8793
56.4344 58.1999 17.6553 39.8993
56.6072 58.0838 14.7665 39.9183
56.1302 57.9705 18.4037 39.9383
56.1884 57.8482 16.5973 39.9573
56.1673 57.729 15.6173 39.9793
56.0398 57.5875 15.4773 39.9983
55.9273 57.4624 15.3513 40.0173
55.9478 57.3346 13.868 40.0373
55.4848 57.1972 17.1235 40.0583
55.7757 57.0498 12.7416 40.0793
55.3175 56.8993 15.8187 40.0983
55.4362 56.7606 13.2435 40.1183
55.1421 56.6118 14.6975 40.1383
55.2977 56.4605 11.6273 40.1573
55.188 56.3143 11.2628 40.1793
54.8564 56.1422 12.858 40.1983
54.8525 55.9911 11.3861 40.2193
54.7372 55.8217 10.8453 40.2393
54.4345 55.6579 12.2346 40.2583
54.5683 55.5002 9.31915 40.2783
54.2741 55.3321 10.5803 40.2983
54.5094 55.1619 6.52496 40.3183
53.7959 54.9895 11.9367 40.3383
53.9575 54.8152 8.57681 40.3583
53.7907 54.639 8.48251 40.3793
53.1257 54.4519 13.2625 40.3983
52.9833 54.281 12.9769 40.4183
53.4112 54.0994 6.88171 40.4393
53.6388 53.907 2.68139 40.4573
53.06 53.7406 6.80668 40.4783
52.9119 53.5451 6.33152 40.4983
52.9279 53.3574 4.29501 40.5173
52.6897 53.1778 4.88132 40.5373
52.7089 52.9875 2.78606 40.5573
51.9743 52.7961 8.21739 40.5783
51.8816 52.5938 7.12234 40.5983
51.8646 52.4002 5.35549 40.6183
51.4915 52.2056 7.1405 40.6373
51.5653 52.0198 4.54586 40.6573
51.2182 51.8236 6.05408 40.6793
50.9299 51.6068 6.76895 40.6993
50.6315 51.4091 7.77596 40.7193
50.7193 51.2108 4.91589 40.7393
50.2785 51.0121 7.33631 40.7583
50.6086 50.8229 2.14268 40.7793
50.1562 50.6134 4.57237 40.7993
49.7751 50.4137 6.3855 40.8183
49.7038 50.2238 5.19958 40.8383
49.567 50.0238 4.5676 40.8583
49.2457 49.8238 5.78049 40.8793
49.1271 49.6139 4.86763 40.8993
48.8557 49.4141 5.58437 40.9183
48.9881 49.2246 2.36408 40.9383
48.5592 49.0253 4.66141 40.9593
48.5271 48.8165 2.89436 40.9793
48.4427 48.6182 1.75514 40.9993
48.2529 48.4204 1.67542 41.0173
48.1193 48.2429 1.23569 41.0373
48.1321 48.0464 -0.85743 41.0583
47.5956 47.8409 2.4527 41.0793
47.3541 47.6363 2.82192 41.1193
46.7931 47.2496 4.56585 41.1393
46.7498 47.0579 3.08128 41.1573
46.6425 46.8864 2.43858 41.1793
46.5411 46.6781 1.36955 41.1993
45.578 46.4901 9.12064 41.2183
46.0013 46.3128 3.11481 41.2373
45.4154 46.1369 7.21516 41.2583
45.749 45.944 1.95065 41.2783
45.3507 45.7621 4.11304 41.2983
45.282 45.5818 2.99789 41.3183
45.1533 45.4032 2.49897 41.3383
44.7063 45.2265 5.20237 41.3583
44.7308 45.0518 3.20988 41.3793
44.6987 44.8704 1.71688 41.3993
44.34 44.6997 3.5968 41.4183
43.9357 44.5396 6.03886 41.4383
43.9239 44.3731 4.49219 41.4583
43.7709 44.2089 4.37988 41.4793
43.1236 44.039 9.15363 41.5173
42.8716 43.7383 8.66646 41.5383
42.7987 43.5759 7.77214 41.5573
42.9853 43.4315 4.46213 41.5783
42.4814 43.2746 7.93133 41.5983
42.5303 43.1279 5.97637 41.6183
42.4884 42.984 4.95651 41.6373
42.2177 42.8499 6.32195 41.6583
41.9654 42.7047 7.39239 41.6793
42.1864 42.5627 3.76297 41.6993
42.1996 42.4305 2.30858 41.7183
41.8564 42.3077 4.51283 41.7383
41.6606 42.1814 5.20824 41.7603
41.5204 42.0462 5.25742 41.7793
40.991 41.9324 9.41395 41.7983
40.9811 41.8216 8.40496 41.8183
40.8956 41.7082 8.12603 41.8383
40.4953 41.598 11.0278 41.8583
40.3397 41.4913 11.5154 41.8793
40.1222 41.3828 12.6062 41.8993
40.1387 41.2831 11.4436 41.9184
39.985 41.1915 12.0654 41.9584
39.7487 41.0093 12.6054 41.9794
39.3366 40.9193 15.8273 41.9994
39.8746 40.8374 9.62822 42.0184
39.2515 40.7629 15.1138 42.0394
39.0666 40.6845 16.1787 42.0624
39.1197 40.6034 14.8367 42.0804
38.8354 40.5433 17.0786 42.0984
38.7347 40.4863 17.5163 42.1174
39.3213 40.4295 11.082 42.1394
38.9508 40.368 14.1724 42.1584
38.7114 40.3187 16.0728 42.1794
39.0459 40.2682 12.2234 42.1994
38.7398 40.2242 14.8434 42.2184
38.8244 40.1859 13.6156 42.2384
38.4893 40.1495 16.6026 42.2794
38.8524 40.0872 12.348 42.2984
38.384 40.0639 16.7991 42.3194
38.3461 40.0424 16.963 42.3394
38.1927 40.026 18.3326 42.3654
38.2605 40.0106 17.5013 42.3874
37.8947 40.0029 21.0825 42.3994
38.3714 40.0007 16.2929 42.4184
38.2971 40.0002 17.0313 42.4394
37.7212 40.0039 22.8265 42.4584
37.7097 40.011 23.0127 42.4784
37.8043 40.0223 22.1806 42.4984
37.4378 40.0377 25.9988 42.5174
37.8061 40.056 22.4992 42.5374
37.6455 40.0791 24.3357 42.5574
37.7486 40.1062 23.5757 42.5784
37.5655 40.1389 25.734 42.5994
37.3838 40.1759 27.9211 42.6174
37.4632 40.2112 27.48 42.6374
37.97 40.254 22.8402 42.6584
37.7787 40.3032 25.2447 42.6784
37.8635 40.354 24.9049 42.6994
38.1907 40.4115 22.2075 42.7194
38.0456 40.4702 24.2461 42.7394
37.8555 40.5327 26.7722 42.7594
37.8795 40.599 27.195 42.7794
37.8732 40.669 27.9587 42.7984
37.9401 40.7391 27.9895 42.8184
37.5831 40.8164 32.3323 42.8394
37.5626 40.9015 33.3886 42.8584
37.8677 40.982 31.1422 42.8784
37.6876 41.0702 33.8255 42.8984
38.0258 41.162 31.3621 42.9184
37.9503 41.2573 33.0704 42.9384
38.1791 41.3562 31.7711 42.9584
38.2712 41.4585 31.873 42.9784
38.268 41.5642 32.9618 42.9994
38.13 41.6788 35.4874 43.0194
38.2785 41.7914 35.1283 43.0374
38.3653 41.8955 35.3023 43.0574
38.4195 42.0143 35.9475 43.0784
38.7183 42.1424 34.2408 43.0994
38.4063 42.274 38.6771 43.1174
39.0162 42.3896 33.7334 43.1374
38.4904 42.5208 40.3038 43.1574
38.9963 42.6551 36.5873 43.1784
39.1024 42.7992 36.9677 43.1974
39.091 42.9323 38.4132 43.2174
39.3174 43.0752 37.5785 43.2384
39.0471 43.2282 41.8115 43.2584
39.9666 43.3768 34.1015 43.2784
39.4228 43.5279 41.0514 43.2974
39.9151 43.6739 37.5885 43.3314
39.7514 43.9409 41.895 43.3474
39.7643 44.0689 43.0458 43.3694
40.2191 44.2474 40.2834 43.3814
39.9881 44.346 43.5792 43.4034
40.3735 44.5288 41.5536 43.4204
40.3862 44.6719 42.8569 43.4394
40.6032 44.8336 42.3044 43.4584
40.7592 44.9973 42.3803 43.4784
40.8896 45.1714 42.8187 43.4984
41.2255 45.3475 41.2206 43.5184
41.1433 45.5255 43.8216 43.5384
41.4679 45.7052 42.3733 43.5584
41.4079 45.8867 44.7884 43.5794
41.6679 46.079 44.1115 43.5994
41.472 46.2638 47.918 43.6174
41.8714 46.4313 45.5989 43.6384
42.1993 46.6283 44.2896 43.6574
42.5256 46.8078 42.8212 43.7174
42.5743 47.3818 48.0748 43.7374
42.9213 47.5753 46.5405 43.7584
43.0261 47.7796 47.5351 43.7784
43.1501 47.975 48.2495 43.7984
43.3946 48.1713 47.7664 43.8184
43.7034 48.3683 46.6487 43.8374
43.7424 48.556 48.1361 43.8594
43.9572 48.774 48.1686 43.8994
44.2994 49.1719 48.7245 43.9184
44.6562 49.3614 47.0518 43.9394
44.8502 49.5711 47.2092 43.9594
44.9097 49.771 48.6124 43.9794
44.8171 49.971 51.5385 43.9984
45.289 50.161 48.7201 44.0184
44.9118 50.3609 54.4912 44.0384
45.8142 50.5607 47.4649 44.0594
45.6259 50.7702 51.4435 44.0784
45.8001 50.9595 51.5943 44.0984
45.8701 51.1584 52.8827 44.1184
46.5817 51.3568 47.751 44.1384
46.7933 51.5547 47.6141 44.1574
46.5052 51.7421 52.3691 44.1784
46.7466 51.9485 52.0188 44.1984
47.2282 52.1442 49.1605 44.2184
47.3798 52.3391 49.5936 44.2374
47.6664 52.5234 48.5709 44.2584
47.8713 52.7261 48.5482 44.2794
48.1404 52.9275 47.8709 44.2984
47.9795 53.1087 51.2912 44.3194
48.1522 53.3076 51.5538 44.3384
48.3022 53.4863 51.8406 44.3594
48.6012 53.6823 50.8108 44.3794
49.3949 53.8675 44.7257 44.3994
49.2884 54.0512 47.6272 44.4194
49.4875 54.2332 47.457 44.4384
49.5137 54.4046 48.9083 44.4594
49.6057 54.5921 49.8641 44.4794
49.9253 54.7688 48.4354 44.4994
50.3091 54.9437 46.346 44.5184
50.3402 55.1079 47.6778 44.5384
50.9238 55.2789 43.5501 44.5594
50.8345 55.456 46.2157 44.5784
50.9236 55.6143 46.9072 44.5984
51.1387 55.7787 46.4 44.6174
51.5058 55.9327 44.2683 44.6374
51.2696 56.0925 48.2289 44.6584
51.5945 56.2577 46.6311 44.6784
51.9128 56.4124 44.9964 44.6994
51.742 56.5721 48.3015 44.7194
52.4656 56.7215 42.559 44.7584
52.5401 57.0051 44.6503 44.7784
52.6401 57.1464 45.0637 44.7984
52.87 57.2849 44.1489 44.8184
53.16 57.4204 42.6046 44.8384
52.8115 57.553 47.4153 44.8584
53.3799 57.6826 43.027 44.8784
53.0855 57.8091 47.2361 44.8984
53.4016 57.9324 45.3082 44.9184
53.9545 58.0526 40.9815 44.9394
53.4512 58.1754 47.2416 44.9594
53.7096 58.2889 45.7931 44.9804
53.8525 58.4045 45.5198 44.9994
54.4113 58.506 40.9462 45.0184
54.1692 58.6043 44.3512 45.0384
54.7822 58.7045 39.223 45.0584
54.4976 58.8012 43.0362 45.0984
55.1448 58.984 38.3926 45.1184
54.9151 59.0701 41.5501 45.1384
54.8469 59.1525 43.0555 45.1574
55.5325 59.2274 36.9486 45.1794
55.6507 59.3099 36.5918 45.1994
55.264 59.3811 41.1702 45.2184
55.463 59.4452 39.822 45.2374
55.5691 59.5059 39.3681 45.2584
55.7938 59.569 37.7519 45.2784
55.5975 59.6251 40.2767 45.2984
55.8277 59.6775 38.4977 45.3184
55.7167 59.7259 40.0926 45.3384
55.9415 59.7705 38.2894 45.3574
56.3166 59.8092 34.9255 45.3794
56.5518 59.8496 32.9779 45.3994
56.5569 59.8822 33.2522 45.4184
56.5418 59.9095 33.6769 45.4384
56.4741 59.9343 34.6022 45.4584
56.828 59.9552 31.2723 45.4794
56.6668 59.9729 33.0603 45.4994
56.4725 59.9856 35.1309 45.5184
56.4441 59.994 35.4985 45.5384
56.6133 59.9989 33.8566 45.5584
56.9763 59.9999 30.2353 45.5794
56.9042 59.9965 30.923 45.5984
57.1288 59.9897 28.6097 45.6184
56.9148 59.9787 30.6389 45.6394
56.9544 59.9628 30.0838 45.6594
56.8364 59.9435 31.0709 45.6794
56.9935 59.9203 29.2682 45.6994
56.9305 59.8931 29.6266 45.7174
56.723 59.8653 31.4228 45.7374
57.3359 59.8306 24.9471 45.7584
56.9372 59.7899 28.5276 45.7794
56.6417 59.7449 31.0323 45.7994
57.3804 59.6981 23.1768 45.8184
56.9506 59.65 26.994 45.8374
57.0226 59.5985 25.7589 45.8584
57.2422 59.5374 22.952 45.8794
57.0367 59.4722 24.3555 45.8994
57.1241 59.4062 22.8215 45.9184
56.7942 59.34 25.4578 45.9384
57.2216 59.2667 20.451 45.9584
56.8976 59.1897 22.9211 45.9784
56.7617 59.109 23.4725 45.9984
56.7742 59.0246 22.5045 46.0184
56.7981 58.9367 21.3857 46.0374
56.8991 58.8498 19.5074 46.0584
57.1389 58.7501 16.1118 46.0794
56.4158 58.6465 22.307 46.0984
56.3121 58.5495 22.3732 46.1184
56.641 58.444 18.0299 46.1394
56.1964 58.3297 21.3327 46.1584
56.4727 58.223 17.5029 46.1784
56.555 58.1076 15.5262 46.1984
56.6255 57.9889 13.6334 46.2174
55.9223 57.8732 19.5084 46.2374
56.3093 57.7483 14.3894 46.2584
55.8354 57.6138 17.7844 46.2984
55.5742 57.3485 17.7432 46.3184
55.9979 57.2114 12.1345 46.3384
55.4249 57.0714 16.465 46.3584
55.5287 56.9286 13.999 46.3784
55.4322 56.783 13.5073 46.3984
55.3333 56.6347 13.0133 46.4184
55.077 56.4837 14.0666 46.4384
54.9925 56.3301 13.3768 46.4585
55.2772 56.174 8.9687 46.4795
54.6529 56.0075 13.5463 46.4995
54.4884 55.8464 13.5805 46.5185
54.6324 55.6912 10.5878 46.5395
54.319 55.5173 11.9834 46.5585
54.3712 55.3578 9.86629 46.5785
54.3787 55.1879 8.09265 46.5985
54.0693 55.0159 9.46651 46.6185
53.9318 54.8419 9.10133 46.6385
54.0016 54.6659 6.64322 46.6585
53.7615 54.4881 7.26646 46.6785
53.4156 54.3085 8.92914 46.6985
53.5884 54.1272 5.38773 46.7185
53.2455 53.9442 6.98662 46.7395
53.208 53.7503 5.42336 46.7575
52.6105 53.5829 9.72393 46.7785
52.923 53.386 4.63078 46.7975
52.3234 53.2066 8.83232 46.8175
52.2842 53.0166 7.32391 46.8375
51.8189 52.8253 10.0639 46.8585
52.0213 52.6232 6.01944 46.8785
51.7297 52.4297 6.99997 46.8995
51.8042 52.2255 4.21276 46.9185
51.4964 52.0399 5.43472 46.9385
51.2115 51.8437 6.32195 46.9585
50.8136 51.6467 8.33145 46.9785
51.0856 51.4492 3.63537 46.9985
50.86 51.251 3.91022 47.0185
50.4163 51.0523 6.36002 47.0385
50.131 50.8532 7.22179 47.0585
50.4148 50.6538 2.38968 47.0785
50.2567 50.4541 1.97365 47.0985
49.838 50.2542 4.16191 47.1185
49.6696 50.0542 3.84674 47.1375
49.6351 49.8642 2.29176 47.1585
49.0296 49.6543 6.24664 47.1785
49.1225 49.4545 3.32005 47.1995
49.2841 49.2449 -0.391273 47.2185
48.6366 49.0556 4.1906 47.2395
48.6277 48.8468 2.19105 47.2595
48.3732 48.6484 2.7512 47.2795
48.5257 48.4505 -0.752449 47.2985
47.8954 48.2631 3.67645 47.3185
47.8192 48.0665 2.47253 47.3385
47.2964 47.8706 5.74249 47.3785
47.1859 47.4816 2.95681 47.3995
46.6848 47.2789 5.94173 47.4185
46.8134 47.0966 2.8318 47.4395
46.5443 46.8963 3.52013 47.4595
46.3364 46.7068 3.70388 47.4785
46.2238 46.528 3.04237 47.4995
45.6633 46.3318 6.68579 47.5195
45.6752 46.1465 4.71317 47.5395
46.0766 45.9627 -1.13842 47.5595
45.4601 45.7806 3.20488 47.5785
45.4467 45.6091 1.6243 47.5975
44.7077 45.4392 7.31438 47.6175
44.9403 45.2621 3.21857 47.6385
44.4808 45.0782 5.97431 47.6795
44.0698 44.7256 6.55819 47.6995
43.8626 44.5567 6.94118 47.7375
43.6351 44.2419 6.06853 47.7585
43.5931 44.0715 4.78382 47.7785
43.0821 43.9117 8.29544 47.8175
43.3147 43.607 2.92225 47.8375
43.1786 43.4545 2.75864 47.8595
42.5236 43.2897 7.66167 47.8995
42.8032 42.9986 1.95435 47.9185
42.6199 42.8642 2.44347 47.9385
42.2832 42.7255 4.42276 47.9595
41.9403 42.583 6.42776 47.9785
41.4414 42.4569 10.1559 47.9985
41.7345 42.3272 5.92701 48.0185
41.4307 42.2004 7.69737 48.0395
41.1234 42.0707 9.47327 48.0795
41.0617 41.8334 7.71694 48.0995
40.9345 41.7196 7.85179 48.1195
40.5872 41.6092 10.2193 48.1395
40.6555 41.502 8.46561 48.1595
40.4942 41.3983 9.04144 48.1795
40.6647 41.298 6.33389 48.1995
40.239 41.2012 9.62227 48.2195
40.0471 41.108 10.6089 48.2395
39.8872 41.0182 11.3109 48.2595
39.9932 40.9321 9.38896 48.2785
39.2711 40.8537 15.8256 48.2985
39.6105 40.7746 11.6417 48.3185
39.4949 40.6993 12.0443 48.3375
38.9778 40.6312 16.5333 48.3615
38.8523 40.55 16.9768 48.3805
39.4664 40.4895 10.2309 48.3975
38.9147 40.4384 15.2372 48.4185
39.0841 40.379 12.9489 48.4385
39.0775 40.3264 12.4887 48.4585
38.8356 40.2776 14.4204 48.4785
38.7932 40.2328 14.3961 48.4985
38.3213 40.1918 18.7051 48.5395
38.4667 40.1202 16.5343 48.5595
38.3663 40.0912 17.2492 48.5785
38.3295 40.0674 17.3791 48.5985
38.5142 40.0462 15.3203 48.6185
37.7599 40.029 22.6908 48.6385
37.8084 40.0158 22.0734 48.6585
37.9804 40.0065 20.2614 48.6785
38.1935 40.0013 18.0777 48.6985
37.8247 40.0001 21.7538 48.7185
37.7126 40.0028 22.9028 48.7385
37.5252 40.0096 24.8436 48.7595
38.1394 40.021 18.8161 48.7795
37.6778 40.0359 23.5813 48.7995
37.5281 40.0549 25.2681 48.8185
38.0206 40.0766 20.5595 48.8395
37.6232 40.1047 24.815 48.8595
37.779 40.1355 23.5652 48.8795
37.7417 40.1703 24.2865 48.8995
37.4395 40.209 27.6949 48.9175
37.3737 40.2472 28.7351 48.9375
37.2751 40.2934 30.1828 48.9695
37.7591 40.3753 26.1613 48.9805
37.6483 40.4057 27.5739 48.9985
37.6938 40.458 27.6423 49.0175
37.4392 40.5166 30.7739 49.0375
37.5876 40.5819 29.9426 49.0575
37.8458 40.651 28.0518 49.0785
37.5485 40.7276 31.7911 49.0985
37.2814 40.8044 35.2299 49.1185
38.0313 40.8848 28.535 49.1595
37.9826 41.061 30.7837 49.1795
38.1511 41.1524 30.0139 49.1995
37.8239 41.2474 34.2347 49.2185
38.3008 41.3409 30.4012 49.2375
38.3086 41.4375 31.2893 49.2595
38.3973 41.5532 31.5588 49.2785
38.3908 41.6564 32.656 49.2995
38.2495 41.774 35.2448 49.3195
38.3252 41.8894 35.6414 49.3385
38.8387 42.002 31.6325 49.3595
38.2296 42.1298 39.0015 49.3795
38.5182 42.2547 37.3653 49.3985
38.7459 42.3763 36.3043 49.4195
38.7677 42.5139 37.462 49.4385
39.1015 42.6412 35.3966 49.4595
39.2848 42.785 35.002 49.4795
38.8619 42.9249 40.6299 49.5025
39.3168 43.0893 37.7249 49.5195
39.3386 43.2132 38.7458 49.5385
39.7838 43.3539 35.7011 49.5595
39.7844 43.5123 37.2791 49.5795
39.563 43.6658 41.0281 49.6045
39.7068 43.8612 41.5444 49.6185
40.213 43.9723 37.593 49.6385
40.398 44.1331 37.3516 49.6585
40.2725 44.2962 40.2377 49.6785
40.4608 44.4617 40.0088 49.6975
40.0994 44.6209 45.2143 49.7195
40.9637 44.8076 38.4388 49.7395
40.7968 44.9796 41.8277 49.7595
41.0694 45.1535 40.8414 49.7785
40.9142 45.3206 44.0644 49.7995
41.133 45.5072 43.7418 49.8195
41.0894 45.6868 45.974 49.8395
41.5093 45.8681 43.5879 49.8585
41.5728 46.0418 44.6901 49.8785
41.7752 46.2263 44.5108 49.9185
42.0383 46.5996 45.6134 49.9395
41.9967 46.7978 48.0115 49.9585
42.29 46.9784 46.8841 49.9785
42.3025 47.1697 48.6714 49.9995
42.8349 47.3717 45.3683 50.0185
42.6215 47.5555 49.34 50.0395
43.0709 47.7596 46.8877 50.0595
43.3313 47.955 46.2371 50.0785
43.6009 48.1413 45.404 50.0985
43.6275 48.3382 47.1069 50.1185
43.6653 48.5358 48.705 50.1385
44.1922 48.7339 45.4169 50.1585
44.0006 48.9325 49.3193 50.1785
44.0583 49.1316 50.7331 50.1985
44.6178 49.331 47.1325 50.2185
44.6058 49.5307 49.2486 50.2385
44.9035 49.7305 48.2701 50.2595
45.2019 49.9405 47.3864 50.2795
45.256 50.1405 48.8455 50.2985
45.3242 50.3305 50.0622 50.3195
45.7775 50.5403 47.6278 50.3385
46.0474 50.7299 46.8246 50.3625
46.1202 50.969 48.4883 50.3805
46.2555 51.148 48.9254 50.4025
46.4404 51.3662 49.2584 50.4195
46.6792 51.5344 48.5521 50.4395
46.8363 51.7317 48.9543 50.4635
47.1195 51.9676 48.4805 50.4815
47.6106 52.1437 45.3316 50.5195
47.6471 52.5133 48.6616 50.5395
48.0058 52.7064 47.0052 50.5605
47.9154 52.9079 49.9255 50.5795
47.9807 53.0892 51.0843 50.5995
48.5199 53.2788 47.5884 50.6395
48.3712 53.6539 52.827 50.6595
48.5279 53.8394 53.1152 50.6805
49.0544 54.0324 49.7797 50.6995
49.3701 54.2055 48.3541 50.7185
49.8027 54.3772 45.7451 50.7385
49.8476 54.5561 47.0847 50.7585
49.889 54.7332 48.4425 50.7785
49.7057 54.9084 52.027 50.7975
50.0213 55.0731 50.518 50.8195
50.2023 55.2614 50.5917 50.8385
50.8617 55.4221 45.6041 50.8595
50.976 55.5973 46.2135 50.8795
51.0529 55.7619 47.0906 50.8995
51.5415 55.9242 43.8268 50.9195
51.2271 56.0841 48.5704 50.9395
51.5675 56.2416 46.7412 50.9585
51.8637 56.389 45.2522 50.9785
51.5925 56.5415 49.4907 50.9985
52.266 56.6915 44.2551 51.0195
52.2427 56.8461 46.0333 51.0395
52.331 56.9905 46.595 51.0585
52.4519 57.1251 46.7321 51.0785
52.3264 57.264 49.376 51.0985
52.7797 57.4 46.2027 51.1195
52.912 57.5396 46.2758 51.1395
53.1266 57.6694 45.4286 51.1605
53.5953 57.8025 42.0722 51.1796
53.1018 57.9199 48.1812 51.1996
53.5862 58.0405 44.5423 51.2206
53.7061 58.1635 44.5746 51.2386
53.6358 58.2662 46.3041 51.2596
53.9479 58.3825 44.3458 51.2806
53.98 58.4952 45.1514 51.3026
54.1828 58.6092 44.2641 51.3195
54.4124 58.6944 42.8197 51.3386
54.7653 58.7867 40.214 51.3596
54.7337 58.885 41.5131 51.3796
55.174 58.975 38.0097 51.3986
54.9592 59.0572 40.9801 51.4196
54.7035 59.1442 44.4067 51.4396
55.1568 59.2233 40.6647 51.4616
55.2349 59.3061 40.7117 51.4846
55.4676 59.3878 39.202 51.4986
55.6063 59.4351 38.2882 51.5186
55.5349 59.4995 39.6457 51.5386
56.0358 59.5601 35.2429 51.5586
55.8137 59.6168 38.0311 51.5786
56.2413 59.6697 34.2841 51.5986
56.0731 59.7188 36.4564 51.6186
56.0881 59.7639 36.7582 51.6376
56.1525 59.8032 36.5068 51.6586
56.5045 59.8425 33.3801 51.6796
56.7282 59.8774 31.4927 51.7186
56.5737 59.9308 33.5709 51.7396
56.6183 59.9533 33.3495 51.7596
56.2094 59.9706 37.6117 51.7786
56.7544 59.9833 32.289 51.7996
56.364 59.9933 36.293 51.8196
56.6902 59.9986 33.0843 51.8396
57.1289 59.9999 28.7103 51.8596
56.8345 59.9973 31.6282 51.8796
56.584 59.9906 34.0665 51.8996
57.2721 59.98 27.0788 51.9186
57.151 59.9662 28.1512 51.9386
56.8907 59.9477 30.5706 51.9586
57.4921 59.9253 24.3324 51.9786
57.0526 59.8989 28.4636 51.9986
57.1653 59.8686 27.0332 52.0176
57.6564 59.8361 21.797 52.0386
57.091 59.7961 27.0509 52.0636
56.9893 59.7428 27.535 52.0806
56.8905 59.7031 28.1265 52.0996
56.8629 59.6554 27.925 52.1186
56.983 59.6042 26.212 52.1386
56.8383 59.5466 27.0832 52.1586
56.9105 59.4851 25.7462 52.1786
56.2936 59.4199 31.2631 52.1986
56.7703 59.3509 25.8054 52.2186
56.7855 59.2781 24.9262 52.2386